-0.0285991 0.00992293 -0.618571 -0.028705 0.217263 -1.86953 
-0.140323 -0.0890143 0.10267 -0.817594 0.434828 0.76405 
-0.103546 -0.0616605 0.0427765 -0.351838 0.765584 0.42693 
-0.12089 -0.0938047 0.042908 -0.643417 0.6911 0.420762 
-0.0209628 -0.112634 0.289605 -0.994135 0.326945 0.976094 
-0.0130481 0.0582105 -0.617032 0.160329 -0.0778368 -1.58065 
-0.014051 -0.0546038 0.193278 0.320832 -0.000243522 0.556056 
-0.0513175 -0.0323924 0.0414379 -0.0702108 0.259778 0.429044 
0.0521492 -0.0101927 0.016429 -0.0665445 -0.43725 -0.147117 
-0.0233796 -0.109807 0.347811 -1.20178 0.701676 1.19099 
-0.047234 0.0768003 -0.520508 0.465067 0.266711 -1.74642 
-0.0512165 -0.0955529 0.174143 -0.45707 0.15756 0.402313 
-0.0370499 -0.00272309 0.00317255 -0.318939 0.0280267 0.429403 
-0.0997958 -0.0442876 0.00524509 0.30279 0.447768 0.507066 
-0.0073164 -0.142562 0.251199 -1.80081 0.0995398 1.19715 
-0.0625475 0.103687 -0.556594 0.965821 0.0552046 -1.52422 
-0.0343218 -0.0844763 0.097886 -0.4834 -0.0201745 0.563625 
-0.0709328 -0.000829249 0.0616942 -0.107582 0.613313 0.42471 
0.00103788 0.134188 -0.0716775 1.25962 -0.639919 0.516028 
-0.091294 -0.133931 0.313359 -1.209 0.813297 1.55371 
-0.0302862 0.106479 -0.557873 0.653996 0.0293357 -1.52 
-0.0875214 -0.054791 0.176726 -0.323319 0.550947 0.546441 
-0.0867772 -0.0313985 0.0426825 -0.174789 0.657176 0.427699 
-0.0854804 -0.053172 0.0420376 -0.193329 0.474375 0.352205 
0.0109094 -0.108212 0.271049 -1.28205 0.417752 1.42837 
-0.0624164 0.0484607 -0.518612 0.632398 0.552509 -1.2976 
-0.018028 -0.0328395 0.193023 -0.0982845 0.188181 0.405493 
-0.00251665 -0.000336793 0.0964657 -0.226084 0.134205 0.201868 
-0.0348549 -0.00245406 0.0213251 -0.00582192 0.0905345 0.210155 
-0.0204299 -0.151448 0.34741 -1.11699 0.517173 1.26618 
-0.0277144 0.0291485 -0.540568 0.404526 0.281088 -1.58589 
-0.0546396 -0.0557026 0.0608893 -0.736082 -0.0393347 0.559882 
-0.0198878 -0.0302238 0.00104715 -0.600009 0.110444 0.214721 
-0.0509815 -0.0526238 0.0198235 -0.309385 0.202742 -0.084123 
0.0267465 -0.0817383 0.270103 -1.3414 -0.0546467 1.19757 
-0.0298897 0.0657357 -0.501884 0.401918 0.0402582 -1.67686 
-0.0529598 -0.0346186 0.137928 -0.19567 0.209176 0.628154 
0.0184193 -0.0297414 0.0943378 0.0237791 0.0279856 -0.0102884 
-0.0511219 -0.0131392 0.00298249 0.0461358 0.132392 0.285881 
0.0626764 -0.0979611 0.324492 -1.24865 0.109257 0.907573 
0.0381725 0.147667 -0.580944 0.772874 -0.457107 -2.02753 
-0.103187 -0.0859437 0.120442 -0.378646 0.465843 0.775078 
-0.0866242 -0.052841 0.0620698 -0.295822 0.537126 0.56922 
-0.0357792 -0.00214683 0.0404308 -0.115664 0.155079 0.206397 
0.00795747 -0.106707 0.365637 -1.62345 0.740352 1.19145 
-0.00921888 0.115044 -0.672331 1.16313 -0.46421 -1.35129 
-0.069509 -0.0649043 0.137095 -0.380068 0.319377 0.406612 
-0.068691 -0.0592064 0.0214514 -0.346016 0.67505 0.216775 
-0.0343054 -0.0214309 0.0779464 -0.0242056 0.282343 0.131429 
-0.0583614 -0.113168 0.311846 -1.30839 0.602408 1.40714 
0.0223781 0.11868 -0.619086 0.714884 -0.29298 -2.01802 
-0.0346944 -0.06301 0.0794252 -0.355018 0.0980825 0.642877 
-0.0680362 -0.0610722 0.0224021 -0.238043 0.488449 0.43479 
-0.0172672 -0.0328192 0.0765517 -0.200015 -0.00494478 -0.0186741 
-0.00653699 -0.140448 0.384872 -1.49394 0.541774 1.18405 
-0.0145448 0.116864 -0.558623 0.496726 -0.0751511 -1.59461 
-0.0699815 -0.0466025 0.156894 -0.270121 0.197108 0.472832 
-0.0495035 -0.128041 0.0380309 -0.65213 0.637508 0.0735198 
-0.0352536 -0.00184683 0.0595231 -0.0103526 0.217708 0.205281 
-0.0226249 -0.108508 0.310502 -1.07538 0.755602 1.42204 
-0.0648508 0.026078 -0.558341 -0.034422 0.250073 -1.59692 
-0.0524842 -0.0359008 0.17615 -0.0995758 0.151542 0.620522 
-0.0363735 -0.0207927 0.117084 -0.236542 0.409638 0.344686 
-0.0524448 -0.0122248 0.0602862 -0.0682372 0.32411 0.277248 
-0.0224313 -0.172599 0.38499 -1.57037 0.465375 1.18053 
-0.0350696 0.206912 -0.610903 0.840608 0.0144315 -0.92944 
-0.0360643 -0.00344935 0.195124 0.0821604 0.290571 0.622932 
-0.085753 -0.0717501 0.00407283 -0.401239 0.532222 0.507874 
-0.0839327 -0.133359 0.116708 -0.571076 0.550146 0.269528 
-0.108308 -0.185028 0.371038 -1.51162 0.928828 1.68959 
-0.0100446 0.0984727 -0.463844 1.11927 0.238086 -1.67028 
-0.0539632 -0.0737722 0.174801 -0.653684 0.342277 0.475165 
-0.034678 3.5367e-005 0.0594856 0.104177 0.4006 0.210681 
-0.0506993 -0.0330233 0.00231341 -0.073029 0.134398 0.213144 
0.011898 -0.170445 0.344573 -1.66985 0.312211 0.971487 
-0.0478096 0.118127 -0.539226 0.705265 0.384755 -1.8152 
-0.0532628 -0.0179227 0.17593 -0.102289 -0.0315625 0.467085 
-0.0685825 -0.0250757 0.0238019 -0.0136175 0.116737 0.572106 
-0.0836849 -0.115597 -0.0163093 -0.543631 0.10399 0.358002 
-0.039816 -0.162095 0.330021 -1.48799 0.561067 1.55739 
-0.0808878 0.036484 -0.499632 0.342793 0.542356 -1.45556 
-0.0352431 -0.0239406 0.156257 -0.0324737 0.165404 0.55507 
-0.0168373 -0.0918167 0.114596 -0.547342 0.12466 0.19979 
-0.0674441 -0.0825621 0.0399364 -0.373774 0.371986 0.134765 
-0.0215175 -0.0722863 0.445599 -0.443452 0.641317 1.5435 
-0.16714 -0.014707 -0.57131 -0.0308445 1.00303 -0.862445 
0.0310446 -0.0022984 0.152562 -0.350408 -0.254368 0.189181 
0.016317 -0.0309414 0.0179684 -0.397468 -0.222531 -0.00582368 
-0.0701876 -0.0437618 0.0986157 -0.364346 0.376799 0.266206 
-0.0228539 -0.152715 0.385659 -1.4512 0.463369 1.25326 
-0.0651464 0.0468692 -0.500382 0.185524 0.437869 -1.53017 
-0.069203 -0.0213718 0.138359 0.0873198 0.68115 0.562883 
-0.0186098 -0.068761 0.0770182 -0.624897 0.365095 0.282915 
-0.0508284 -0.0740664 0.0392108 -0.430418 0.0826915 0.0573986 
-0.0246575 -0.114478 0.290596 -1.53162 0.146089 1.18618 
0.00697706 0.110457 -0.48281 1.19372 0.250154 -1.51496 
-0.138224 -0.104834 0.121018 -0.602389 0.865248 0.700997 
-0.0870228 -0.0522338 0.100268 -0.300353 0.664299 0.564346 
-0.103197 -0.0638499 0.0237083 -0.356525 0.518148 0.425289 
-0.0408164 -0.14102 0.40616 -1.38523 0.815201 1.39961 
-0.0306879 0.0468576 -0.558941 0.088696 0.0354754 -1.52008 
-0.104371 -0.0282449 0.119708 -0.157727 0.282314 0.325567 
-0.0535512 -0.0715625 0.0773979 -0.750728 0.396587 0.0526403 
-0.0686087 -0.00272592 0.061705 0.208197 0.426591 0.424594 
0.0119959 -0.114221 0.250189 -1.31533 -0.193797 0.977029 
-0.0291143 0.0307379 -0.559685 0.19859 0.403266 -1.58201 
-0.104393 -0.105237 0.157058 -0.724844 0.598731 0.474052 
-0.067441 -0.0223337 0.0792018 0.186995 0.493019 0.129968 
-0.103197 -0.0638499 0.0237083 -0.356525 0.518148 0.425289 
-0.00853629 -0.121464 0.328264 -1.69071 0.351881 1.26014 
0.00309497 0.128217 -0.616714 0.568359 -0.188463 -1.65519 
-0.0339223 -0.0649909 0.193141 -0.174709 0.111782 0.401966 
0.0129978 0.0491856 0.0579296 -0.147842 -0.0996736 0.0568318 
-0.0521252 -0.0522929 0.0398557 -0.411878 0.265493 0.132892 
-0.0748262 -0.183242 0.426147 -1.62938 0.909748 1.46429 
-0.0464293 0.0364724 -0.558191 0.245965 0.139962 -1.44547 
-0.070378 -0.00585937 0.100905 -0.0180432 0.186186 0.629694 
-0.00254053 0.01894 0.0589368 -0.102389 0.00502578 0.279478 
-0.0719881 0.0114951 0.0615734 -0.238729 -0.120384 0.257717 
-0.040095 -0.164675 0.405552 -1.5183 0.449508 1.31871 
-0.0113048 -0.00272386 -0.580817 -0.101071 -0.129452 -1.80649 
-0.0495368 -0.0744689 0.251181 0.0833414 0.406071 0.470585 
-0.0690104 -0.0623471 0.0606376 -0.357103 0.43273 0.424517 
-0.0190896 -0.0113457 0.0581043 -0.286787 0.115227 0.0579359 
-0.0220462 -0.089606 0.368486 -0.754805 0.758591 1.48603 
-0.0448764 0.0566492 -0.538443 0.685596 0.19867 -1.37121 
-0.0356894 -0.0279885 0.138153 -0.144341 -0.266719 0.768803 
-0.0161607 -0.0166903 0.0781956 0.127748 -0.378359 0.26932 
-0.0345853 -0.0441044 0.0200244 -0.358681 -0.0883456 0.0592836 
-0.0587527 -0.151674 0.388757 -1.54108 0.85718 1.69346 
-0.029132 0.127263 -0.499927 1.0891 0.215217 -1.45061 
-0.0676501 -0.0444038 0.176862 0.172223 0.438921 0.70053 
-0.053422 -0.0737282 0.0592563 -0.748066 0.147357 0.271772 
-0.102672 -0.0635499 0.0428007 -0.251213 0.580777 0.424172 
-0.0574059 -0.171865 0.368982 -1.5504 0.794642 1.62449 
-0.0470549 0.0762168 -0.557779 0.476946 0.137744 -1.52077 
-0.0545554 -0.0522822 0.157267 -0.517953 0.45874 0.775191 
-0.0530203 -0.014107 0.0603237 -0.182766 0.141218 0.271849 
0.0175847 -0.0905936 0.0159612 -0.754962 -0.216513 -0.224032 
0.0127058 -0.193754 0.364911 -1.68291 0.00555985 1.33102 
-0.0828871 0.0554681 -0.55624 0.146023 0.352462 -1.37948 
-0.0695256 -0.0415321 0.119524 -0.129808 0.618733 0.712036 
-0.0357583 -0.0816521 0.0386943 -0.800129 0.163224 0.133584 
-0.0182923 -0.0125601 -0.0182918 -0.277725 -0.13912 0.0676842 
-0.0587266 -0.130815 0.332098 -1.40817 0.848264 1.77759 
-0.0275061 0.0664436 -0.576477 0.75536 -0.0366984 -1.21753 
-0.0530629 -0.0548026 0.118166 -0.420147 0.148553 0.556534 
-0.103749 -0.085009 0.0612748 -0.59475 0.464435 0.342279 
-0.0857364 -0.0951223 0.0216446 -0.651499 0.232866 0.202449 
-0.0564047 -0.172847 0.426297 -1.349 0.799637 1.61574 
-0.0122634 0.11748 -0.519525 0.929852 0.0463988 -1.37343 
-0.067264 -0.106262 0.154874 -0.412461 0.201212 0.257265 
-0.0691426 -0.12041 0.0395139 -0.920533 0.560926 0.210182 
-0.102672 -0.0635499 0.0428007 -0.251213 0.580777 0.424172 
-0.0408693 -0.20283 0.386024 -1.95522 0.573904 1.39789 
-0.081583 0.03779 -0.536928 0.254048 0.598196 -1.22716 
-0.0192082 -0.0744826 0.191736 -0.666297 0.011216 0.251979 
-0.0866107 -0.0932328 0.0216204 -0.752124 0.417673 0.205207 
-0.0506223 -0.0336983 0.0787336 0.0185346 0.203938 0.200639 
-0.00502453 -0.120831 0.368275 -1.03508 0.469722 1.70474 
-0.0666628 0.0686664 -0.49881 0.211413 0.618877 -1.2339 
-0.0876244 -0.074975 0.156964 -0.547795 0.490324 0.474821 
-0.034375 -0.0598693 0.040239 -0.343932 0.340402 0.435135 
-0.0347018 -0.0238966 0.0407124 -0.126855 -0.029516 0.351677 
-0.0231495 -0.131924 0.443619 -1.23125 0.651165 1.32001 
-0.0671458 0.109062 -0.575745 0.343481 0.548912 -1.51747 
-0.0533085 -0.0756379 0.175752 -0.545711 0.155676 0.693181 
-0.037026 -0.0219999 0.0407015 -0.442634 0.157206 0.351793 
-0.0344989 -0.000548139 0.0222141 0.116056 0.271633 0.436328 
-0.0560851 -0.212916 0.405866 -1.69264 0.74102 1.47138 
-0.0488377 0.156684 -0.496886 1.06174 0.317729 -1.01504 
-0.103146 -0.0853839 0.156787 -0.397874 0.596604 0.328657 
-0.0541671 -0.0740045 0.0410904 -0.846029 0.0829343 0.493662 
-0.0702646 -0.0430868 0.0221955 -0.45591 0.307259 0.278712 
-0.0571124 -0.232792 0.40521 -2.02696 0.744941 1.396 
0.0023238 0.107082 -0.578221 0.337483 -0.24397 -1.51742 
-0.105162 -0.0862365 0.101363 -0.699112 0.405129 0.773552 
-0.0699086 -0.0411809 0.0230845 -0.334032 0.488358 0.504885 
-0.0533929 0.00735927 0.0418629 -0.0543841 0.259474 0.351101 
-0.00672733 -0.102546 0.387161 -1.14764 0.351161 1.54754 
-0.0134364 0.0799327 -0.500855 0.488404 0.297969 -1.29913 
-0.0357156 -0.00563878 0.176056 0.0774736 0.0431344 0.621291 
-0.174056 -0.0823738 0.103802 -0.578585 1.3809 0.778903 
-0.0531899 -0.0125011 0.0421203 -0.1662 0.259687 0.499138 
-0.00594877 -0.120524 0.387381 -1.14492 0.534266 1.70098 
-0.0490032 0.030458 -0.462553 -0.115901 -0.274631 -1.47793 
-0.122979 -0.05687 0.102538 -0.526016 0.509312 0.770218 
-0.0179916 -0.0693919 0.0378937 -0.627715 0.239715 0.0670163 
0.0165231 0.0094267 0.0574913 0.0514852 -0.101285 0.137416 
-0.0583562 -0.192417 0.444747 -1.79316 0.868103 1.5366 
0.00439921 0.06733 -0.578646 0.321656 -0.243666 -1.43948 
-0.0527069 -0.0528967 0.119055 -0.298269 0.329652 0.782706 
-0.0540403 -0.0298884 0.0796251 -0.39052 0.573674 0.424285 
-0.0720339 -0.00301144 0.0426393 -0.327423 0.367791 0.420426 
-0.00711872 -0.0978429 0.445316 -1.0256 0.90687 1.77048 
0.0050517 0.0685372 -0.502263 0.527749 0.00876586 -1.44659 
-0.0859155 -0.0160123 0.235365 0.331571 0.550015 0.685807 
-0.0327078 -0.100036 0.133487 -0.392735 0.478377 0.0552671 
-0.157169 -0.0753925 0.0075876 -0.73148 0.774633 0.712401 
0.00909101 -0.0928353 0.462831 -1.21334 0.316214 1.46043 
-0.0816568 0.0554846 -0.555327 0.368526 0.348754 -1.15606 
-0.0353461 -0.0441247 0.136496 -0.25695 0.10478 0.48345 
-0.104893 -0.084678 0.0813069 -0.697243 0.527186 0.559294 
-0.0711358 -0.0241777 0.0801924 -0.350493 0.312164 0.340059 
-0.0904145 -0.21507 0.446284 -1.59315 0.894184 1.68042 
-0.0322585 0.123206 -0.518931 0.539571 -0.211281 -1.46294 
-0.0874952 -0.0771407 0.138822 -0.545133 0.241094 0.693953 
-0.0356553 -0.061468 0.0584557 -0.575652 0.223848 0.205204 
-0.000771173 -0.0211353 0.0384929 -0.230876 -0.0555063 0.137764 
-0.0388409 -0.183936 0.443994 -1.41949 0.574979 1.46452 
-0.0840404 0.0547766 -0.480733 0.0150837 0.42571 -1.6154 
-0.034421 -0.0243393 0.250843 0.157053 0.299366 0.320675 
-0.0542172 -0.0323779 0.0414646 -0.500519 0.263608 0.42376 
-0.0181654 -0.0116529 0.0389986 -0.176944 0.050683 0.0616938 
-0.0608146 -0.0737877 0.525181 -0.986606 0.925606 1.96051 
-0.0499784 0.0955081 -0.595282 0.170334 0.0123941 -1.44844 
-0.0720234 -0.0251052 0.139373 -0.349544 0.315487 0.770215 
-0.120505 -0.0540201 0.0451593 -0.182584 0.683379 0.789649 
-0.0174107 -0.0103542 0.00168959 -0.0505358 0.104608 0.292741 
-0.0537132 -0.253366 0.480935 -1.62425 0.812657 1.31605 
-0.0348022 0.125126 -0.518016 0.231141 -0.0263527 -1.24205 
-0.0554608 -0.0352113 0.0997564 -0.621447 0.0858326 0.627744 
-0.0540903 -0.0314707 0.098755 -0.399738 0.453411 0.41777 
-0.0682892 -0.042794 0.0412745 -0.135444 0.367973 0.280238 
-0.0434807 -0.105967 0.465827 -1.38236 0.450521 1.74366 
-0.0138954 0.0578428 -0.521506 0.14205 0.056247 -1.59692 
-0.0727229 0.0323338 0.121386 -0.00408518 0.0638257 0.766009 
-0.0864838 -0.0923256 0.0789108 -0.651343 0.607476 0.199217 
-0.0874058 -0.0518825 0.00382872 -0.504577 0.533924 0.357195 
-0.0577254 -0.131797 0.389413 -1.20676 0.853259 1.76884 
-0.0135967 0.0972799 -0.5402 0.482873 -0.0105158 -1.66846 
-0.123182 -0.0802185 0.121036 -0.768927 0.208163 0.685567 
-0.0369968 0.0158788 0.0420638 -0.10368 -0.0316131 0.494507 
-0.032307 -0.0605075 0.00110119 -0.131596 0.213107 0.221877 
-0.0756608 -0.165568 0.524219 -1.41318 0.853431 1.95955 
-0.0474036 0.0784062 -0.538711 0.481633 0.38518 -1.51913 
-0.103941 -0.0872424 0.157751 -0.505055 0.411918 0.544031 
-0.0862777 -0.0519575 0.118434 -0.20239 0.728722 0.342457 
-0.0870332 -0.0733488 0.0222895 -0.632959 0.415667 0.277943 
-0.0758408 -0.185077 0.428037 -1.72922 0.723268 1.90044 
-0.0124747 0.0199569 -0.522881 0.0182496 0.243151 -1.73699 
-0.0171349 -0.0179653 0.116431 0.00868839 -0.434078 0.259047 
-0.107264 -0.0442277 0.00623819 -0.765631 0.455549 0.714631 
-0.0519722 -0.0737354 0.0592429 -0.532912 0.145442 0.274414 
-0.0604493 -0.0561406 0.504929 -0.886826 0.67975 1.59006 
-0.0668158 0.0469002 -0.499442 -0.0222814 0.437991 -1.31204 
-0.0193321 -0.0151614 0.173711 -0.206309 -0.0575528 0.253172 
-0.0153345 -0.0300133 0.134718 0.237798 0.364042 0.20415 
-0.0525978 -0.033991 0.0596546 -0.301931 0.143224 0.199113 
-0.0428813 -0.123362 0.503319 -1.39153 0.762593 1.67145 
-0.0314061 0.0875329 -0.500312 0.427807 0.221266 -1.38059 
-0.051766 -0.0765761 0.117521 -0.438686 -0.0342483 0.48104 
-0.0401682 0.0174077 0.137579 -0.437738 0.289193 0.478359 
-0.0505755 -0.0491357 0.00158267 -0.178289 0.504104 0.148565 
-0.0413314 -0.163414 0.483801 -1.51267 0.700267 1.75051 
-0.041729 0.117606 -0.690242 1.49808 0.0496216 -1.34083 
-0.0698554 -0.0657878 0.0807315 -0.4735 0.127781 0.633375 
-0.069536 -0.0626471 0.0415453 -0.462414 0.370101 0.425633 
-0.0489561 -0.0507489 0.0197727 0.0202984 0.383719 -0.0760819 
-0.0913793 -0.128905 0.391533 -0.974308 1.42984 1.99631 
-0.0816163 0.0128356 -0.500226 -0.00542989 0.178577 -1.5391 
-0.0335737 -0.0239716 0.155317 0.175332 0.165282 0.336939 
-0.0518557 -0.0939432 0.038555 -0.764737 0.0866125 -0.0179794 
-0.0376754 0.0370213 0.0035842 -0.0879581 0.0258082 0.354102 
-0.0911565 -0.155118 0.467383 -1.13034 0.950795 1.89751 
-0.114858 -0.0684797 -0.557997 -0.579474 0.207597 -1.60738 
-0.138195 -0.0669552 0.12238 -0.263435 0.676428 0.843711 
-0.086109 -0.073656 0.00318381 -0.523117 0.351123 0.281701 
-0.0156414 -0.0504296 -0.0187542 -0.179023 0.0440762 0.151026 
-0.0384557 -0.144151 0.446246 -0.958663 0.567258 1.83341 
-0.0852872 0.0349235 -0.480462 -0.311886 0.427838 -1.47 
-0.0683286 -0.06647 0.157138 -0.166783 0.195406 0.623511 
-0.118659 -0.0947704 0.101136 -0.219508 0.692387 0.635429 
-0.0865077 -0.0730488 0.0413818 -0.527648 0.478296 0.276827 
-0.0221887 -0.133466 0.464588 -1.01062 0.5254 1.75768 
-0.0817069 0.0971112 -0.554952 0.714036 0.529427 -1.22596 
-0.102744 -0.0689715 0.17661 -0.187302 0.289528 0.39212 
-0.0533159 0.00668429 0.118283 0.0371795 0.329014 0.338595 
-0.0524687 0.00705204 0.0227572 0.0554583 0.19493 0.354859 
-0.0571061 -0.198753 0.521253 -1.61487 0.385135 1.51318 
-0.0146614 0.137072 -0.537935 0.728551 -0.0163215 -1.30222 
-0.0859788 -0.0989379 0.137251 -0.571022 0.0600859 0.397686 
-0.0170079 -0.0602668 0.192477 -0.245258 -0.545212 0.316442 
-0.0883508 -0.0152788 0.0434266 -0.284682 0.289386 0.489636 
0.01414 -0.193505 0.499535 -1.26807 0.261194 1.53594 
-0.0650911 0.0623981 -0.536922 0.302664 -0.0608034 -1.23994 
-0.0155038 -0.114825 0.154026 -0.455091 -0.119362 0.558211 
-0.0540111 0.00799022 0.0809874 -0.0515659 0.384854 0.567 
-0.0555149 -0.030697 -0.0913437 -0.78614 0.187279 0.665787 
-0.0415583 -0.124276 0.446015 -1.27715 0.570875 1.68009 
0.0023238 0.107082 -0.578221 0.337483 -0.24397 -1.51742 
-0.122747 0.00435708 0.0854021 0.05585 0.621642 0.997584 
-0.0514696 -0.0408937 -0.0740344 -0.234695 1.16817 0.398159 
-0.0911245 -0.0344497 -0.0327096 -0.91837 0.223889 0.644896 
-0.0559425 -0.133738 0.504968 -0.796601 0.861456 1.97212 
-0.0653202 0.0613994 -0.480521 0.281567 -0.0520995 -1.47211 
-0.0183286 -0.0192165 0.155593 -0.103023 -0.49159 0.469546 
-0.01913 -0.0119055 0.0217593 -0.267559 -0.0155333 0.504357 
-0.0495428 -0.0153122 -0.0151725 0.263952 -0.118753 0.507654 
-0.0409536 -0.0845155 0.44734 -0.823671 0.564948 1.8282 
-0.0480218 0.0790372 -0.499587 0.484451 0.51056 -1.30323 
-0.0876453 0.00453023 0.158701 0.136669 0.482178 0.547634 
-0.0344052 -0.0678041 0.134962 -0.397368 -0.25912 0.181784 
-0.0317022 -0.0639555 0.0211817 -0.0328398 -0.0937566 0.433378 
-0.0376867 -0.163152 0.50194 -0.984395 0.76086 1.53391 
-0.047952 0.031058 -0.424368 0.0947225 -0.149372 -1.48016 
-0.0513935 -0.0548336 0.117227 -0.212341 0.148431 0.338402 
-0.0331835 -0.098754 0.0952648 -0.488829 0.53601 0.0628989 
-0.0852743 -0.0128039 0.0815605 0.255624 0.595622 0.495445 
-0.0598142 -0.0948625 0.449043 -1.08936 0.671472 2.1183 
0.00694798 0.0293691 -0.465417 0.500043 0.138036 -1.59429 
-0.0540319 0.0442867 0.10148 0.278171 0.075772 0.703199 
-0.0176825 -0.00883979 0.097178 0.0457146 0.421584 0.281876 
-0.0671619 -0.0629616 0.0224263 -0.137418 0.303642 0.432033 
0.0100922 -0.0938175 0.520146 -1.01194 0.32121 1.45168 
0.0392072 0.12843 -0.541576 0.87903 -0.33343 -1.66095 
-0.0512666 -0.0539264 0.174517 -0.11156 0.338234 0.332412 
-0.0355522 -0.041284 0.0782171 -0.351176 0.284471 0.276824 
-0.069333 -0.0825075 0.0418027 -0.57423 0.370313 0.57367 
-0.12524 -0.136436 0.450215 -0.905289 1.09684 1.96991 
0.0396966 0.0720374 -0.578137 0.569365 -0.0940597 -0.983033 
-0.0859546 -0.132934 0.140446 -0.644174 0.605722 1.36964 
-0.0353731 -0.0418675 0.0409456 -0.339296 0.155504 0.502472 
-0.0684087 -0.0828147 0.022697 -0.464388 0.305769 0.577428 
-0.0246261 -0.137551 0.562042 -1.24326 0.290113 2.17217 
-0.0829632 0.0762357 -0.499207 0.35862 0.542052 -1.5335 
-0.105943 -0.0651854 0.176575 -0.603706 0.661057 0.394993 
-0.0548927 0.00578431 0.0610061 -0.278756 0.141126 0.341944 
-0.01645 0.0313126 0.00390344 0.524826 0.27978 0.667027 
-0.072093 -0.164631 0.465938 -0.976469 0.844484 1.75545 
-0.0326604 0.150002 -0.55751 0.683727 0.396732 -1.58979 
-0.0524582 -0.0150418 0.119491 0.0333371 0.142626 0.704648 
-0.0368363 -0.0446772 0.100164 -0.452876 -0.0240652 0.927229 
0.00228624 -0.156653 0.0229673 -0.65999 0.243635 1.63013 
0.0295292 -0.197444 0.487249 -1.24009 0.628619 3.39287 
0.0584559 -0.0335624 -0.497304 0.306371 0.228964 0.714609 
-0.0137711 -0.167878 0.0865907 -0.257222 0.342355 3.02063 
0.0185837 -0.145924 0.160547 -0.373016 0.387607 2.64353 
0.0524135 -0.123211 0.0443788 -0.444905 0.162898 2.51973 
0.0311416 -0.217871 0.451149 -1.11752 0.496156 3.98997 
0.00189547 0.113525 -0.532723 0.73533 0.417532 0.260088 
-0.0538077 -0.0697977 0.0656668 -0.467566 0.500587 1.82798 
-0.0710158 -0.0420847 0.0831919 -0.325734 0.489888 1.15582 
-0.0346519 -0.0223144 0.0215825 -0.117638 0.090747 0.358192 
0.00987269 -0.0937938 0.521072 -1.00459 0.319416 1.67245 
-0.0145136 0.0584737 -0.482381 0.144868 0.181627 -1.38102 
-0.0894469 -0.0535015 0.138517 -0.634567 0.610495 0.551431 
0.0816701 0.0484195 0.13185 -0.162901 -0.638208 0.0471314 
-0.036873 -0.000233669 0.0413331 -0.20894 0.338092 0.429928 
-0.0379958 -0.101969 0.600349 -0.308147 1.06811 1.96467 
-0.0302487 0.118509 -0.632639 0.833997 1.05739 -1.03883 
-0.0175866 -0.0359599 0.115738 -0.211101 -0.247264 0.189068 
-0.0517953 -0.071246 0.0974035 -0.422913 0.455508 0.274939 
-0.0013871 -0.0235773 0.00218542 -0.326177 -0.369159 0.578785 
-0.0414282 -0.149558 0.580082 -1.32506 0.279838 1.79607 
-0.0483277 0.0355047 -0.50085 0.0170632 0.148788 -1.4595 
-0.0702541 -0.0651806 0.118929 -0.478031 0.254955 0.628501 
-0.106044 -0.0452336 0.0626262 -0.571574 0.462338 0.485109 
-0.0514237 -0.069596 -0.0363446 -0.500729 0.379058 0.298835 
-0.0380831 -0.165617 0.464706 -1.08704 0.449001 1.75415 
-0.0182031 0.156994 -0.536313 0.424757 -0.0162911 -1.01399 
-0.0547157 -0.0349351 0.117922 -0.523485 0.150255 0.405855 
-0.0190531 -0.0125805 0.0981795 -0.175995 0.0540063 0.491851 
-0.00149978 -0.00157497 0.0191432 -0.224372 -0.118348 -0.00915733 
-0.057944 -0.15489 0.542548 -1.24998 0.809659 1.88647 
-0.0646447 0.0664461 -0.518818 0.414531 0.371319 -1.45368 
-0.088047 -0.055091 0.157633 -0.42863 0.488317 0.547557 
-0.0510979 -0.0756249 0.0592671 -0.432287 -0.0393651 0.271656 
-0.0497458 -0.0386606 0.00332575 0.0210403 -0.419902 0.423003 
-0.0419277 -0.128999 0.504331 -1.29746 0.208293 1.88131 
-0.0300062 0.0859435 -0.481196 0.633743 0.0990879 -1.38447 
-0.0886703 -0.0184195 0.0826127 -0.295769 0.0470662 0.697378 
-0.0319127 -0.141386 0.151279 -0.640282 0.362126 -0.0967208 
-0.0356792 -0.0421912 0.0209268 -0.451957 0.0946681 0.282815 
-0.0557363 -0.136579 0.563247 -0.702376 0.681766 2.17875 
-0.049149 0.0559959 -0.461983 0.131697 0.273955 -1.39164 
-0.0351005 -0.0232894 0.0789104 -0.131386 0.0976574 0.346803 
-0.0332781 -0.0447629 0.0973578 -0.0446143 -0.0225145 0.270193 
-0.0859529 -0.0348701 0.0618365 -0.0833815 0.352106 0.418426 
-0.0211105 -0.135123 0.598323 -0.717651 0.599935 1.73643 
-0.0112152 0.057852 -0.520606 0.579707 0.0506235 -1.37086 
-0.0873184 -0.0746513 0.176983 -0.435135 0.551159 0.694478 
-0.0644683 -0.103344 -0.0171232 -0.156063 0.178565 0.294076 
-0.119192 -0.055957 0.0433305 -0.0966572 0.502159 0.345345 
-0.0907309 -0.157982 0.524735 -1.04347 0.772898 1.88337 
-0.0287863 0.064845 -0.558261 0.52364 -0.153253 -1.44746 
-0.0319551 -0.0456773 0.0400541 0.0697587 -0.214232 0.278825 
-0.0686117 -0.0629544 0.0224396 -0.352572 0.305557 0.429391 
-0.0319844 -0.0403472 0.0199361 0.0855318 0.275524 0.0727241 
-0.072682 -0.126121 0.506425 -0.634696 0.781045 2.11407 
-0.0474066 0.0181778 -0.577977 -0.0791359 0.264146 -1.51433 
-0.0866778 -0.0994266 0.103686 -0.529747 -0.0760553 1.50643 
-0.0530037 -0.0516918 0.0709793 0.00412139 0.302891 3.00447 
0.00479653 -0.19774 0.0518371 -0.173889 0.100116 4.13534 
0.105288 -0.414404 0.463177 -1.27162 0.0421224 8.35917 
0.113776 -0.331343 -0.55143 -0.462313 0.532112 7.91174 
0.37027 -0.476122 -0.0129664 -0.857933 -0.40875 11.6146 
0.35612 -0.656573 -0.0608788 -1.39885 0.411668 14.5973 
0.375802 -0.724139 -0.0896092 -1.16538 0.34007 17.3408 
0.423103 -0.895376 0.379429 -2.12513 0.426243 20.9508 
0.364265 -0.86023 -0.675784 -1.71535 0.674837 19.4579 
0.322192 -0.928374 0.0243213 -2.12499 1.31896 22.1979 
0.358241 -0.939388 -0.0704995 -1.95691 1.70239 22.8269 
0.413567 -0.973885 -0.150281 -1.75023 2.60025 22.8092 
0.456231 -1.12072 0.369296 -3.39554 3.26393 24.7174 
0.571088 -0.889427 -0.829464 -1.5728 3.47226 21.7455 
0.636151 -1.02754 -0.176029 -2.21444 4.09654 23.7892 
0.654973 -1.0276 -0.176709 -1.91088 4.90672 23.8896 
0.603955 -1.09371 -0.231294 -2.28051 5.58714 24.4211 
0.567222 -1.21929 0.252903 -2.81611 6.09464 26.1015 
0.577786 -0.962063 -0.809583 -0.853465 6.10028 22.5549 
0.570987 -1.04994 -0.155159 -1.63303 6.41932 23.9039 
0.641315 -1.00245 -0.255689 -1.26948 6.41381 23.2043 
0.621248 -0.988883 -0.236126 -1.52664 6.95415 23.13 
0.666949 -1.07895 0.225385 -2.40634 7.23875 24.6025 
0.659768 -0.913485 -0.838036 -1.30058 7.17605 21.0497 
0.586956 -1.05071 -0.198629 -2.00715 7.11704 22.8974 
0.554624 -0.947591 -0.25699 -1.00141 7.68733 21.9572 
0.504553 -0.945412 -0.181489 -0.795191 7.52852 21.1912 
0.451374 -1.1243 0.340392 -1.64544 7.9059 22.7851 
0.4664 -0.823596 -1.02693 -1.6164 6.62 19.3192 
0.3816 -0.966704 -0.101277 -1.23884 7.61246 20.996 
0.452736 -0.899317 -0.200225 -0.533616 7.60123 20.5926 
0.437257 -0.912239 -0.239488 -0.501043 7.39924 20.2251 
0.310514 -1.09039 0.324058 -1.88731 8.51582 22.0241 
0.337475 -0.824639 -0.738227 0.0260376 8.23037 18.6209 
0.334525 -0.978394 -0.122083 -0.78992 7.87025 20.1898 
0.349116 -0.885356 -0.160269 -0.466792 8.00185 19.9777 
0.284756 -0.969794 -0.236793 -0.626518 7.99399 19.6881 
0.292456 -0.986865 0.228776 -1.37711 7.93448 21.4314 
0.252821 -0.869637 -0.718134 -0.224546 7.54419 18.1394 
0.181272 -0.981886 -0.114515 -0.449133 7.9011 20.5225 
0.21735 -0.983511 -0.154884 -0.347373 7.37832 20.3079 
0.0764378 -1.02612 -0.225688 -1.10869 8.1634 20.5948 
0.159008 -1.0446 0.27555 -1.00919 7.43052 22.3438 
0.153453 -0.876653 -0.749724 0.421729 7.67596 18.7941 
0.0985604 -1.02306 -0.0917308 -0.233458 7.5734 20.7167 
-0.00429859 -1.067 -0.183825 -0.572549 7.89642 20.7906 
0.0819061 -0.977257 -0.187204 0.0484795 7.17738 20.3527 
0.0785811 -1.08336 0.333702 -0.490409 7.41636 21.8789 
-0.0851188 -0.939019 -0.701873 0.426055 7.63418 19.0238 
-0.073098 -1.01711 -0.0854971 -0.0685922 7.71594 20.5291 
-0.0354038 -0.994155 -0.184453 0.380441 7.55361 19.9679 
-0.106178 -1.0177 -0.182534 -0.076313 7.79983 19.8789 
-0.0571742 -1.09137 0.298774 -0.31514 7.77352 21.4203 
-0.0474281 -0.918368 -0.824516 0.618504 7.2353 17.3545 
-0.10476 -0.979365 -0.0311481 0.538251 7.93836 19.3397 
-0.124928 -0.989054 -0.106779 -0.0415048 7.97905 19.4189 
-0.0359299 -0.936527 -0.187967 0.579314 7.37547 18.8561 
0.0106471 -1.00839 0.407022 0.104393 7.73439 20.1594 
-0.119295 -0.876704 -0.706997 0.727362 8.22459 17.2591 
-0.0719412 -0.956692 -0.149156 0.236511 7.71915 18.7717 
-0.0223192 -0.901919 -0.151751 0.320731 7.76935 18.4133 
-0.0870271 -0.984168 -0.209207 0.165693 8.00892 18.1254 
-0.0791768 -1.01961 0.351181 -0.60781 8.26839 19.7851 
-0.033951 -0.825462 -0.75085 0.791464 7.57091 16.46 
-0.0385092 -0.913279 -0.0936737 0.464253 7.88075 18.4765 
-0.0363455 -0.897829 -0.133007 0.7745 7.38554 18.1071 
-0.0733081 -0.91543 -0.170641 0.239509 7.84449 18.038 
-0.0599698 -1.00838 0.405842 -0.248688 8.35347 19.2682 
-0.0492129 -0.713599 -0.557916 2.26448 8.29887 16.2922 
-0.0389517 -0.915533 -0.115508 0.222365 7.6406 17.8099 
-0.0565989 -0.887772 -0.09613 0.378895 7.62632 17.5793 
-0.107399 -0.900844 -0.207766 0.337998 7.562 17.8826 
-0.0420677 -0.999562 0.307738 -0.301751 7.93368 18.7655 
-0.0863366 -0.820363 -0.730835 0.710347 7.58833 16.1471 
-0.107422 -0.904683 -0.0930859 0.411127 7.39101 17.857 
-0.0582256 -0.890254 -0.134277 0.0537428 7.31817 17.5761 
-0.0357869 -0.857856 -0.116283 1.08875 7.45133 17.3684 
-0.0801284 -1.00233 0.309071 -0.850542 7.96721 18.7508 
-0.0366377 -0.723056 -0.675766 1.24086 8.00901 15.7128 
-0.0776911 -0.853945 -0.171411 0.0440243 8.03249 17.5914 
0.0300771 -0.886409 -0.121206 0.34785 7.95599 17.0241 
-0.0036341 -0.845985 -0.138669 0.799249 8.28471 16.9539 
0.0260807 -0.967271 0.381178 -0.0487521 8.68092 18.6377 
-0.0533522 -0.807869 -0.71411 0.638822 8.54518 15.9512 
-0.00701539 -0.886619 -0.0789462 0.146259 8.29229 17.6748 
-0.0232929 -0.875211 -0.194023 0.220338 8.38645 17.4007 
0.0269101 -0.804609 -0.214066 0.527009 8.0006 17.3314 
0.00592952 -1.00033 0.323119 -0.878769 8.42226 18.4114 
0.0305448 -0.653182 -0.73744 1.40327 8.31538 15.0812 
-0.041499 -0.872704 -0.157036 0.0120781 7.88992 16.8593 
-0.0577233 -0.885903 -0.214465 -0.0533115 7.6235 16.7137 
-0.0207107 -0.86672 -0.195962 0.490897 7.28481 16.7893 
-0.0460512 -0.961801 0.420979 -0.543272 7.9527 18.2206 
-0.0184922 -0.776749 -0.718512 0.702023 7.41925 14.9752 
-0.0739601 -0.881825 -0.0792366 0.287034 7.43473 16.829 
-0.00671477 -0.835536 -0.138739 0.338419 7.37004 16.7788 
-0.07531 -0.878654 -0.117483 0.0903147 7.67717 16.8394 
-0.0823059 -0.962665 0.423187 -0.755031 8.16541 18.4347 
-0.0713834 -0.749813 -0.695086 0.876646 7.61218 15.4028 
0.0458601 -0.805384 -0.0837133 0.713479 7.05583 16.5542 
-0.0402251 -0.855108 -0.0617562 0.421394 7.83707 16.6949 
-0.0257411 -0.842483 -0.158969 -0.0407241 7.78701 16.4159 
0.022135 -0.939191 0.359943 -0.632304 7.5241 17.8688 
0.0303751 -0.723275 -0.683798 0.659834 7.41552 14.3857 
0.00834567 -0.800935 -0.102536 0.294991 7.762 16.3387 
0.0103845 -0.839452 -0.143036 0.168372 7.82353 15.9827 
0.0274757 -0.78903 -0.124295 0.56255 7.77754 15.8343 
0.00588955 -0.922871 0.435806 -0.251196 8.43511 17.5784 
0.0628819 -0.656439 -0.761419 0.8283 7.68347 14.1899 
0.0417485 -0.795401 -0.0484156 0.183778 8.11242 15.9008 
0.0437634 -0.814641 -0.126445 0.180855 8.04476 15.6224 
0.0887528 -0.677804 -0.0872498 0.428773 8.39904 15.7709 
0.141834 -0.871714 0.331814 -0.418018 8.19484 16.6637 
0.168722 -0.684541 -0.673991 0.918997 8.10555 13.4025 
0.129026 -0.771297 -0.130188 0.400175 8.61606 15.4351 
0.160735 -0.723339 -0.264865 0.255419 8.87923 15.396 
0.163276 -0.765395 -0.171593 0.307241 8.83239 15.0134 
0.15643 -0.887869 0.330443 -0.86518 9.38048 16.6916 
0.13281 -0.678425 -0.825648 0.645196 8.73157 13.4343 
0.126077 -0.772865 -0.111031 -0.0393507 8.49963 15.4233 
0.144987 -0.760935 -0.131864 0.235557 8.51337 15.1397 
0.161679 -0.729998 -0.208378 0.321043 8.33542 15.153 
0.153832 -0.831397 0.369797 -0.748623 9.13764 16.6734 
0.181635 -0.665646 -0.733092 0.365628 8.73517 13.1295 
0.22654 -0.727626 -0.174531 -0.335741 8.04675 14.7068 
0.145085 -0.754698 -0.0946916 0.352111 9.19293 14.9276 
0.176279 -0.615845 -0.168586 0.976776 8.71566 15.2272 
0.206948 -0.801202 0.309278 -0.467945 8.62851 16.2453 
0.182832 -0.604167 -0.732988 1.03811 8.91372 12.9142 
0.19303 -0.703989 -0.116304 0.101961 8.81471 14.5595 
0.123893 -0.724035 -0.131712 -0.00119525 9.35858 14.9266 
0.176055 -0.731411 -0.174489 -0.169314 9.10281 14.3521 
0.20695 -0.854262 0.365401 -0.80403 9.37505 16.2528 
0.231109 -0.532275 -0.79124 1.03353 8.58742 12.8499 
0.196301 -0.702354 -0.250079 0.454454 8.73443 14.5887 
0.225646 -0.632966 -0.287659 0.317307 9.31269 14.8296 
0.179986 -0.81089 -0.174412 -0.193619 9.10162 14.7288 
0.15352 -0.86576 0.233736 -1.27337 9.43661 16.3365 
0.230585 -0.628844 -0.735453 0.237407 8.97039 12.9219 
0.12637 -0.747374 -0.112314 0.19355 9.0518 15.068 
0.245578 -0.714789 -0.138073 0.039947 8.25029 14.4173 
0.228566 -0.682542 -0.193337 0.348669 8.52866 14.6515 
0.188828 -0.868428 0.365313 -1.09832 9.11746 16.0932 
0.216546 -0.627571 -0.657504 0.79275 8.40509 13.0431 
0.158006 -0.704838 -0.113182 0.112705 9.02372 14.9969 
0.212323 -0.712504 -0.174151 0.276932 8.6997 14.6496 
0.124814 -0.741362 -0.208839 -0.0973944 9.47393 14.8718 
0.120723 -0.811441 0.314394 -0.404509 9.3394 16.756 
0.179343 -0.608851 -0.673719 0.594845 8.55317 13.3309 
0.21222 -0.775897 -0.175157 -0.302272 8.33814 14.6414 
0.209555 -0.654427 -0.153 0.410054 8.57533 14.8586 
0.195427 -0.743673 -0.231347 -0.000898791 8.6183 14.6548 
0.206258 -0.835936 0.386127 -0.686734 9.25099 16.5398 
0.18074 -0.627461 -0.712624 0.59474 8.6109 13.2685 
0.12527 -0.772673 0.0208397 -0.0768576 8.76447 14.9606 
0.159302 -0.726611 -0.113827 0.0941653 8.84091 14.9214 
0.178463 -0.793188 -0.192798 -0.294295 8.8541 14.7972 
0.15341 -0.811513 0.370466 -0.629458 9.13564 16.7461 
0.184833 -0.669433 -0.733056 0.782031 8.36364 13.1266 
0.173802 -0.678923 -0.150473 0.0725756 8.42056 15.2126 
0.142936 -0.740461 -0.0939101 0.127688 8.64225 14.9841 
0.127191 -0.767865 -0.151181 0.078916 8.92664 15.0002 
0.157005 -0.856042 0.426491 -0.465132 8.77503 16.5864 
0.164447 -0.659005 -0.674307 0.513785 8.66167 13.2601 
0.160177 -0.771709 -0.0950473 -0.159937 8.35517 14.9821 
0.17782 -0.700128 -0.113873 0.472464 8.36289 14.9167 
0.192676 -0.708968 -0.192625 -0.118036 8.19458 14.5584 
0.153651 -0.820962 0.3697 -0.779145 8.21914 16.5036 
0.144335 -0.633072 -0.653025 0.355329 8.46282 13.463 
0.127886 -0.81238 -0.09513 -0.187066 8.56986 14.8351 
0.123942 -0.778926 -0.0172459 -0.415915 8.08862 14.9493 
0.194587 -0.689958 -0.24742 0.345353 7.99535 15.084 
0.190439 -0.815702 0.406541 -0.33551 8.49759 16.5163 
0.14663 -0.629638 -0.673133 0.686881 8.76585 13.2567 
0.208375 -0.69607 -0.154288 -0.157958 8.39837 14.7051 
0.191005 -0.705864 -0.116253 -0.227722 8.63373 14.5515 
0.055971 -0.795464 -0.167366 -0.489706 8.74072 15.1249 
0.170708 -0.865574 0.423246 -1.18657 8.67997 15.9922 
0.148064 -0.707916 -0.714958 0.106779 8.83331 12.7527 
0.160088 -0.768984 -0.0405606 -0.181827 8.73516 14.3165 
0.193059 -0.666111 -0.114942 0.440915 8.62589 14.7022 
0.158215 -0.725976 -0.192087 -0.22725 8.77688 14.4898 
0.18886 -0.813529 0.424696 -0.553326 8.74874 16.2945 
0.16621 -0.639874 -0.600011 0.917621 8.73267 12.6606 
0.142353 -0.703229 -0.132585 0.241321 8.33176 14.6875 
0.106967 -0.763139 -0.0941861 -0.332462 8.67766 14.6785 
0.107585 -0.76377 -0.133311 -0.33528 8.55228 14.4626 
0.154898 -0.801109 0.36943 -0.452175 8.21701 16.3582 
0.145851 -0.61166 -0.673353 0.684168 8.58275 13.1033 
0.0382605 -0.772102 -0.0696535 -0.240819 8.42469 15.3152 
0.0394616 -0.809964 -0.0701026 -0.357271 8.6098 15.3959 
0.124897 -0.701219 -0.129177 0.289491 7.69716 15.2575 
0.106324 -0.95872 0.3897 -1.24127 7.8701 16.7826 
0.0940398 -0.652756 -0.706321 0.394753 7.85111 13.9647 
0.0909907 -0.766466 -0.0706729 -0.084912 7.5514 15.4572 
0.0921844 -0.765215 -0.109835 0.0267991 7.60891 15.2467 
0.0915057 -0.744072 -0.148315 0.0425209 7.66633 15.1063 
0.00115487 -0.962634 0.433594 -1.35749 8.44857 17.2016 
0.0286938 -0.677985 -0.570707 0.87643 8.16611 13.8624 
0.0072296 -0.818087 -0.048705 -0.061218 8.14591 15.5978 
0.0219459 -0.787443 -0.144298 -0.296198 7.90725 15.6095 
0.109582 -0.714469 -0.0710752 0.533637 7.62375 15.3179 
0.0357621 -0.884746 0.394975 -0.78642 7.91956 17.0572 
0.0432072 -0.670689 -0.647802 0.398539 7.6263 13.7895 
0.0229471 -0.788425 -0.0869837 -0.094792 7.91225 15.6008 
0.039164 -0.736113 -0.068267 0.19876 8.05106 15.4551 
0.0754875 -0.716902 -0.166221 0.426084 7.52116 15.1039 
0.0872566 -0.893073 0.410453 -0.960938 7.66891 16.6921 
0.128967 -0.594843 -0.631918 0.926342 7.52261 13.5094 
0.0399061 -0.796065 -0.0893666 -0.264046 7.99445 15.238 
0.090954 -0.722022 -0.129504 0.159024 7.91356 14.9599 
0.107371 -0.706591 -0.168551 0.134719 8.23249 14.9037 
0.120064 -0.883069 0.389018 -1.14246 8.31569 16.4956 
0.145422 -0.63908 -0.673885 0.32204 7.85127 13.0116 
0.0869843 -0.696163 -0.109802 -0.133528 8.53052 15.0371 
0.122763 -0.694016 -0.150232 -0.0178641 8.37544 14.8307 
0.15839 -0.713635 -0.191295 -0.135894 8.03947 14.5462 
0.119362 -0.822557 0.446463 -0.698883 8.50306 16.2662 
0.145372 -0.597454 -0.673511 0.66755 8.03195 12.9417 
0.10814 -0.725591 -0.112856 0.108986 8.42609 14.6042 
0.15824 -0.718382 -0.133905 -0.163546 7.67868 14.5266 
0.175125 -0.665119 -0.173443 0.136405 7.81238 14.1716 
0.151836 -0.823883 0.424299 -1.14462 8.05045 15.8219 
0.108582 -0.599641 -0.63492 0.322034 8.19253 12.7039 
0.105762 -0.712352 -0.0556731 -0.136534 7.88411 14.4286 
0.14181 -0.708647 -0.11616 -0.0190007 7.85109 14.0079 
0.123494 -0.70193 -0.171981 -0.173031 7.58279 14.1532 
0.153373 -0.881977 0.402236 -1.50025 8.17853 15.3894 
0.112522 -0.62017 -0.67474 0.630359 8.06532 12.4206 
0.0882381 -0.700704 -0.0370257 -0.0852642 8.23953 14.1334 
0.125195 -0.717143 -0.115435 0.0376439 8.14038 14.0853 
0.105698 -0.70886 -0.191298 -0.329672 7.99605 14.0137 
0.0841411 -0.848032 0.388921 -1.15919 8.16387 15.9638 
0.126893 -0.570317 -0.693244 0.606108 7.89419 12.4925 
0.121577 -0.719662 -0.0380237 -0.408281 8.02907 14.2829 
0.123724 -0.680839 -0.0949291 0.152227 7.83321 14.2188 
0.139661 -0.651201 -0.134134 0.111304 7.60134 14.0011 
0.083912 -0.84903 0.445322 -1.18029 8.17257 15.7317 
0.146751 -0.621181 -0.676898 0.512435 7.67163 12.1985 
0.127401 -0.718875 0.132905 0.6328 8.40972 14.0493 
0.123542 -0.740484 -0.096923 -0.420422 7.84115 13.998 
0.14153 -0.688112 -0.192838 0.00125171 7.78134 13.8724 
0.116293 -0.806217 0.46262 -1.16317 8.20891 15.4387 
0.161722 -0.631931 -0.639155 0.124289 7.51164 12.2617 
0.158077 -0.697962 -0.0978176 -0.0709585 7.80923 13.9322 
0.140659 -0.625994 -0.153597 0.461396 8.08718 13.8703 
0.140699 -0.688736 -0.231949 -0.21672 7.65787 13.6538 
0.120536 -0.886652 0.403553 -1.30295 8.02151 15.3798 
0.0931264 -0.63184 -0.636655 0.230912 8.11971 12.2588 
0.142183 -0.730113 -0.0976994 -0.147383 7.73283 13.9287 
0.173988 -0.689183 -0.080364 -0.244794 7.58627 13.6303 
0.143997 -0.689357 -0.270174 0.218118 7.52687 13.664 
0.15433 -0.784177 0.423758 -0.490683 8.0462 15.5311 
0.11154 -0.582332 -0.675217 0.739462 7.882 12.1191 
0.0907788 -0.762853 -0.0772068 -0.337603 7.93357 13.9173 
0.0912701 -0.764391 -0.173622 -0.441202 7.61838 13.7074 
0.138755 -0.63413 -0.191645 0.00780968 7.22843 13.8536 
0.0845833 -0.831059 0.445089 -0.967846 7.98755 15.5809 
0.0602895 -0.636514 -0.635338 0.428209 7.96269 12.2492 
0.175882 -0.675291 -0.0996413 0.0635847 6.96901 13.4751 
0.0886461 -0.728779 -0.0776092 -0.457559 7.38447 13.605 
0.0919205 -0.666915 -0.172119 0.455703 7.42522 13.6294 
0.0872435 -0.853188 0.423485 -0.891241 7.74379 15.0676 
0.128804 -0.579797 -0.69495 0.664226 6.97757 12.0319 
0.0709159 -0.699065 -0.0554891 -0.164453 7.54769 14.0421 
0.0887253 -0.689318 -0.0953767 -0.109387 7.31591 13.7542 
0.105896 -0.599435 -0.0944033 0.632962 7.20136 13.7551 
0.103143 -0.807089 0.405956 -0.706894 7.20126 15.3548 
0.0413749 -0.635519 -0.576441 0.232778 7.34051 12.3636 
0.122453 -0.709905 -0.0790979 -0.456319 6.98877 13.4557 
0.106568 -0.654617 -0.171966 0.205157 7.50375 13.7783 
0.106413 -0.716519 -0.0784098 -0.285145 7.46096 13.5384 
0.082897 -0.792937 0.46279 -0.975934 7.87057 15.0549 
0.113638 -0.545091 -0.712993 1.29075 7.56589 12.0486 
0.0744815 -0.738264 -0.0195824 0.0156459 7.67684 13.6763 
0.122546 -0.667628 -0.15607 -0.209721 7.1017 13.1775 
0.141942 -0.635866 -0.0607027 0.493887 7.30644 13.1727 
0.0841731 -0.778414 0.482638 -0.664737 7.37869 15.1156 
0.214581 -0.527324 -0.661493 0.94177 6.57453 11.4464 
0.159159 -0.647837 -0.0993689 0.329957 6.89018 13.2482 
0.121798 -0.70804 -0.0800486 -0.564292 7.17537 13.2376 
0.10823 -0.658743 -0.192863 0.286398 7.07509 13.3324 
0.082744 -0.814704 0.462159 -1.20963 7.68969 14.9767 
0.127676 -0.559629 -0.676101 0.6662 7.04191 11.8801 
0.0722822 -0.639191 -0.0371824 0.491461 7.60777 13.5995 
0.0712185 -0.701042 -0.0591577 -0.308378 7.37197 13.1536 
0.0530314 -0.653283 -0.151876 -0.105018 7.15538 13.4546 
0.101364 -0.768037 0.481875 -0.606852 7.27229 15.0436 
0.126623 -0.600365 -0.620098 0.198968 7.05474 11.7206 
0.106512 -0.640202 -0.0393401 0.373536 7.21408 13.3774 
0.141918 -0.616589 -0.0982316 0.617582 7.17726 13.2503 
0.0388398 -0.703719 -0.170643 -0.0688872 7.19754 13.6083 
0.0689802 -0.78466 0.3878 -0.475284 7.71679 15.2146 
0.11173 -0.59029 -0.581421 0.678677 7.28428 11.645 
0.0704233 -0.659692 -0.0769494 -0.0608305 7.48822 13.3056 
0.104081 -0.675509 -0.117134 -0.372761 7.52008 13.2473 
0.140262 -0.65695 -0.137741 -0.0465247 7.05792 13.1044 
0.0845218 -0.780604 0.46357 -0.669424 7.13125 15.1139 
0.0743739 -0.593337 -0.598268 0.247078 7.25147 11.8547 
0.0375169 -0.702805 -0.11334 -0.18326 7.38926 13.5997 
0.104983 -0.679655 -0.0215593 -0.18979 7.28455 13.2256 
0.0899324 -0.68525 -0.193744 -0.09925 7.55491 13.1163 
0.0291481 -0.787484 0.503764 -1.1522 7.94895 15.1798 
0.127125 -0.53758 -0.657291 0.782703 7.28913 11.7337 
0.0879675 -0.707637 -0.116089 -0.441837 7.44189 13.4646 
0.0715641 -0.720251 -0.136247 -0.519106 7.30444 13.0934 
0.0404039 -0.720861 -0.115913 0.0125607 7.57583 13.0934 
0.0849151 -0.795158 0.442782 -0.772816 7.62301 14.8351 
0.127315 -0.618691 -0.640824 0.0816722 7.17881 11.4336 
0.0704234 -0.702901 -0.0581937 -0.415558 7.18729 13.369 
0.0707428 -0.69976 -0.0973799 -0.404472 7.42961 13.1612 
0.0882619 -0.612066 -0.115475 0.33319 7.06762 13.1604 
0.101428 -0.806846 0.422295 -1.05394 7.2731 14.6861 
0.0897884 -0.50377 -0.6173 0.661612 7.078 11.6333 
0.107624 -0.625351 -0.116858 0.47316 6.59361 13.0102 
0.0377104 -0.723688 -0.0576073 -0.323522 7.39997 13.2948 
0.0863104 -0.631636 -0.0970247 -0.110971 7.13609 13.0813 
0.118423 -0.815721 0.459988 -1.1124 7.29408 14.7573 
0.0928088 -0.580126 -0.657322 0.425891 7.32284 11.5788 
0.105781 -0.660777 0.0354978 0.123432 7.28933 13.0688 
0.152959 -0.550932 -0.135997 0.155623 6.57942 13.1619 
0.156649 -0.649453 -0.0820654 -0.124266 6.77733 12.7949 
0.0994784 -0.78628 0.346558 -1.24149 7.20347 14.7687 
0.090186 -0.617666 -0.638639 -0.230711 7.57633 11.6504 
0.0718201 -0.678301 -0.115854 -0.0609354 7.54595 13.2431 
0.104959 -0.61717 -0.0778439 0.288633 7.45631 13.2398 
0.191102 -0.663411 -0.123214 -0.329016 6.99388 12.5213 
0.154398 -0.794321 0.381102 -0.880388 7.01162 14.4077 
0.161478 -0.554702 -0.660179 0.559518 7.26515 11.4471 
0.17282 -0.654856 -0.0635271 -0.274136 7.10339 12.8753 
0.0708427 -0.696596 -0.13564 -0.386037 7.67013 13.1743 
0.139438 -0.696687 -0.13814 -0.49266 7.06206 13.1771 
0.0639 -0.805214 0.462678 -1.37085 7.79779 14.898 
0.0760401 -0.610388 -0.657228 0.248841 7.43125 11.578 
0.054075 -0.749974 0.0166633 -0.613653 7.73673 13.0703 
0.0546581 -0.6508 -0.113729 0.220134 7.46353 13.4578 
0.0886314 -0.650552 -0.155035 -0.00123337 7.12927 13.0226 
0.0130507 -0.799775 0.503625 -1.1168 7.87234 15.0282 
0.10845 -0.529696 -0.638568 0.604914 7.27877 11.4277 
0.0480271 -0.651395 -0.152786 -0.858454 7.34773 13.2287 
0.0869597 -0.647448 -0.0786631 -0.110919 7.56842 13.0156 
0.120241 -0.628875 -0.0992441 -0.214991 7.1101 12.8674 
0.0973291 -0.728834 0.328583 -1.11118 6.95372 14.7619 
0.0577009 -0.564302 -0.617125 0.522667 7.2929 11.6344 
0.0948885 -0.691743 0.111959 0.898562 7.45962 13.0661 
0.0559819 -0.674831 -0.0188234 0.283941 7.23001 13.3633 
0.0507499 -0.653899 -0.190974 -0.538144 7.03383 13.2335 
0.171423 -0.765318 0.420156 -0.599895 6.84378 14.6216 
0.144858 -0.550274 -0.621389 0.695639 6.946 11.3552 
0.0530323 -0.676399 0.000333092 -0.155585 7.11357 13.3515 
0.120217 -0.652807 -0.118017 -0.446023 6.67998 13.0084 
0.170813 -0.596759 -0.158848 -0.242743 6.7859 12.6602 
0.132063 -0.743235 0.497566 -1.03203 7.49914 14.4572 
0.159402 -0.514951 -0.659754 0.575344 7.26484 11.3691 
0.142135 -0.676841 -0.138424 0.0494645 7.05802 13.0343 
0.122267 -0.670208 -0.0805393 -0.240035 6.99014 12.9388 
0.0550972 -0.694057 -0.0968259 -0.149291 7.16618 13.0796 
0.0688417 -0.869935 0.498928 -1.21585 7.37465 14.6693 
0.108923 -0.591207 -0.639611 0.140239 7.1001 11.4249 
0.136318 -0.537078 -0.0973684 0.434082 7.17856 13.0918 
0.104777 -0.676815 -0.0798378 -0.284016 7.46424 13.0189 
0.105896 -0.657869 -0.137399 -0.0578267 7.27231 12.8795 
0.0847674 -0.759769 0.405984 -0.54386 7.12413 14.9773 
0.0928381 -0.585456 -0.637204 0.410118 6.83309 11.7849 
0.104629 -0.684634 -0.0978804 -0.409787 6.66442 13.2245 
0.104354 -0.656931 -0.0791688 -0.164851 7.46223 13.0917 
0.12487 -0.626315 -0.174815 0.460785 7.21591 13.114 
0.118619 -0.796468 0.421532 -0.996052 7.1667 14.6141 
0.0752616 -0.592409 -0.657448 0.246128 7.24814 11.4246 
0.05478 -0.657061 -0.151827 0.0962315 6.78577 13.4491 
0.0861282 -0.691281 -0.0990186 -0.683619 7.14402 12.8604 
0.152661 -0.503952 -0.154814 0.524254 7.24805 13.1067 
0.0836848 -0.795174 0.441869 -0.995318 7.62672 14.6117 
0.109192 -0.589648 -0.659668 0.142108 7.22215 11.2106 
0.10627 -0.709279 -0.215023 -0.471727 7.94239 12.9109 
0.0721592 -0.681513 -0.0794473 -0.094068 7.30901 12.7885 
0.123936 -0.670239 -0.0814791 -0.0322302 6.99002 12.7207 
0.100805 -0.706873 0.461972 -0.262187 7.39191 14.606 
0.161524 -0.496987 -0.660001 1.00294 7.07791 11.221 
0.0889487 -0.730756 -0.0812778 -0.601483 7.20875 12.7165 
0.0876405 -0.585246 -0.153127 0.484695 7.67384 13.2544 
0.11256 -0.724111 -0.196651 0.216081 6.53027 12.6643 
0.0309132 -0.771426 0.502629 -0.846479 7.58091 14.8055 
0.111276 -0.555225 -0.638238 0.794972 6.72456 11.5675 
0.086965 -0.590293 -0.11483 0.35173 7.25042 13.2359 
0.155481 -0.629845 -0.0995622 -0.103064 6.71091 13.0895 
0.139634 -0.634225 -0.195351 -0.0215854 7.23561 12.9705 
0.133037 -0.74196 0.459331 -0.912967 7.55486 14.4675 
0.163327 -0.535224 -0.564937 1.08336 7.39519 11.2881 
0.157165 -0.664894 -0.0418319 0.00314308 7.26692 13.3904 
0.0856868 -0.644952 -0.0404893 -0.216075 7.8804 13.0135 
0.100322 -0.650695 -0.0428829 -0.701108 8.14933 12.6509 
0.135284 -0.743181 0.382921 -0.688752 7.2986 14.4799 
0.210973 -0.544045 -0.701309 0.188229 6.8246 11.158 
0.106656 -0.692611 -0.060563 -0.0614616 7.89287 13.1767 
0.13906 -0.689167 -0.139189 -0.4722 7.79925 12.9726 
0.122564 -0.700851 -0.101131 -0.441339 7.84981 12.8162 
0.203732 -0.75787 0.475179 -0.804385 7.37721 14.4073 
0.17832 -0.542135 -0.641874 0.622089 7.40618 11.3768 
0.122696 -0.642788 -0.0800068 0.122092 7.72162 13.0305 
0.189982 -0.639148 -0.0844081 -0.200478 7.48674 12.5973 
0.192765 -0.618955 -0.0637468 0.461655 7.54174 12.895 
0.102512 -0.781292 0.423779 -0.583836 7.81797 14.9958 
0.196536 -0.572109 -0.681247 0.453524 7.17482 11.385 
0.0357922 -0.718303 -0.075859 -0.508205 7.88805 13.5276 
0.0528804 -0.728109 -0.0963835 -0.674797 7.72103 13.384 
0.138709 -0.677126 -0.157489 -0.486155 6.99922 13.0301 
0.118257 -0.753887 0.48105 -0.535063 7.53358 14.9798 
0.159706 -0.554763 -0.545547 0.431396 7.46377 11.4271 
0.0872389 -0.688076 -0.135439 -0.435333 7.37904 13.3177 
0.103556 -0.675809 -0.136226 -0.478073 7.45745 13.2485 
0.123497 -0.626983 -0.0983818 0.337195 7.28737 13.0988 
0.133047 -0.740937 0.403856 -0.884521 7.54437 14.9204 
0.141696 -0.547723 -0.581349 0.390027 7.25631 11.792 
0.0524578 -0.708225 -0.0957144 -0.555632 7.71902 13.4567 
0.123744 -0.702417 -0.0810875 -0.228053 7.72584 13.0331 
0.140635 -0.635207 -0.138036 0.17982 7.2406 12.9618 
0.0981398 -0.785109 0.538498 -1.15617 7.65273 14.9623 
0.176771 -0.545292 -0.603601 0.3885 7.16757 11.3611 
0.0898907 -0.705853 -0.00244792 -0.0324695 7.82137 13.2345 
0.156806 -0.683819 -0.100742 -0.324776 7.26572 13.1056 
0.174064 -0.652023 -0.121819 -0.153207 7.28116 12.6714 
0.218501 -0.708624 0.418477 -0.824105 7.07891 14.4841 
0.197038 -0.532439 -0.56623 0.986691 7.3674 11.2949 
0.122069 -0.736425 -0.19619 -0.847942 8.08577 13.134 
0.138794 -0.673706 -0.0611119 -0.268027 7.49729 13.2455 
0.121571 -0.625694 -0.136591 0.0259466 7.34691 13.1038 
0.151588 -0.733731 0.441339 -0.629918 7.19552 14.8381 
0.038269 -0.589455 -0.653448 0.0629717 7.82497 12.0883 
0.121147 -0.645946 -0.0417338 -0.111497 7.483 13.0148 
0.154504 -0.604931 -0.138103 -0.0734382 7.13603 12.9573 
0.103546 -0.676831 -0.080751 -0.506518 7.46795 12.7955 
0.115973 -0.75143 0.517384 -0.870071 7.85107 14.5335 
0.197358 -0.615716 -0.567905 0.288323 7.00785 11.214 
0.224896 -0.618864 -0.118587 0.179069 7.13409 13.7855 
0.103054 -0.652177 -0.136545 -0.352352 7.82494 13.1086 
0.121621 -0.624112 -0.15572 0.0351641 7.46718 13.1103 
0.0306613 -0.826301 0.444172 -1.38413 7.94784 14.8249 
0.0713047 -0.591717 -0.616444 -0.166664 7.37377 12.0767 
0.0876646 -0.690941 -0.0780866 -0.348456 7.20115 13.3035 
0.103552 -0.662885 -0.098162 -0.398596 6.84901 13.0792 
0.0884357 -0.669805 -0.11658 -0.11758 7.25665 13.1658 
0.0850609 -0.820696 0.442212 -1.02041 7.07443 14.7488 
0.124125 -0.54073 -0.619004 0.33396 7.05243 11.7154 
0.034966 -0.70498 -0.132381 -0.618255 7.14565 13.5927 
0.155286 -0.649098 -0.0611067 -0.219411 6.83829 13.2327 
0.0871659 -0.650289 -0.0203846 -0.016694 7.38873 13.2222 
0.136169 -0.767165 0.479679 -0.610248 7.06149 14.8269 
0.107731 -0.595531 -0.675881 -0.0695911 6.60355 11.8605 
0.0332205 -0.684181 -0.0744084 -0.613463 7.33536 13.6569 
0.105128 -0.682077 -0.174338 -0.386822 6.77777 13.2424 
0.121997 -0.628558 -0.0792386 0.112823 7.16902 13.0897 
0.0673753 -0.846555 0.481369 -1.18074 7.67592 14.9721 
0.127475 -0.636038 -0.601479 0.0872035 7.48729 11.803 
0.104311 -0.654418 -0.0400817 -0.0475036 7.77051 13.313 
0.155588 -0.622585 -0.117865 0.0419355 7.37997 13.3303 
0.122094 -0.642413 -0.175519 -0.0747832 7.58945 13.0441 
0.0999882 -0.742515 0.481531 -0.581757 7.82458 14.9065 
0.156661 -0.572419 -0.526195 -0.106041 7.71525 11.5715 
0.138939 -0.656035 -0.0804375 -0.160898 7.24964 13.0958 
0.0695533 -0.713936 -0.0962818 -0.595659 7.98053 13.541 
0.0863906 -0.665328 -0.192122 -0.403044 7.55494 13.4046 
0.152319 -0.806351 0.516813 -0.972507 8.0049 14.9925 
0.16096 -0.550907 -0.659314 0.580771 7.63105 11.676 
0.104461 -0.69288 -0.0787156 -0.374579 7.83036 13.3959 
0.103128 -0.669871 -0.118146 -0.46683 8.07438 13.0375 
0.120974 -0.661359 -0.117958 -0.300972 7.78138 13.1835 
0.132419 -0.741329 0.498455 -0.910149 7.68024 14.6834 
0.15914 -0.555623 -0.600985 0.345313 7.27038 11.8746 
0.13867 -0.657594 -0.0603811 -0.162766 7.12759 13.31 
0.157783 -0.665525 -0.0809565 0.000324945 7.14154 13.1745 
0.140912 -0.715971 -0.100624 -0.401201 7.18932 13.1021 
0.150394 -0.734982 0.480501 -0.741629 7.13801 15.0486 
0.12367 -0.618953 -0.658963 -0.446599 7.11821 11.6502 
0.106339 -0.655616 -0.115565 0.184061 7.51245 13.5461 
0.15486 -0.646233 -0.118459 -0.306288 7.01619 13.2468 
0.102906 -0.616788 -0.173343 -0.123397 7.32605 13.2508 
0.133675 -0.720453 0.442709 -0.554733 7.66762 14.9909 
0.177127 -0.543386 -0.602712 0.510378 7.34867 11.5873 
0.12005 -0.704261 -0.0800969 -0.765542 7.54498 13.2432 
0.137141 -0.653838 -0.061356 -0.371365 7.49899 13.0948 
0.192884 -0.642235 -0.159867 0.131711 7.04388 12.8277 
0.134418 -0.780405 0.42161 -1.01754 7.61101 14.7739 
0.160714 -0.571742 -0.601729 0.455207 7.63818 11.8127 
0.0857172 -0.723435 -0.0977006 -0.872094 7.87805 13.3936 
0.0872961 -0.682399 -0.134611 -0.29955 7.92784 13.552 
0.0874626 -0.701024 -0.174429 -0.522158 7.98928 13.2661 
0.236591 -0.719413 0.455267 -0.789291 6.91688 14.3318 
0.230047 -0.532444 -0.624776 0.674709 6.96693 11.3024 
0.172191 -0.632131 -0.121137 -0.249196 7.28107 12.7415 
0.175022 -0.650492 -0.0254173 0.165546 7.59443 12.8839 
0.193111 -0.638164 -0.140836 0.250927 7.47421 12.8347 
0.0942545 -0.74116 0.327818 -1.63285 7.69496 14.7001 
0.19399 -0.567115 -0.604899 0.243213 7.79879 11.3807 
0.189287 -0.637842 -0.121704 -0.289223 7.54258 12.8257 
0.118945 -0.680254 -0.175929 -0.836697 7.7803 13.1169 
0.105325 -0.672675 -0.175425 -0.251833 7.69785 13.0434 
0.152084 -0.728101 0.440313 -0.508833 7.74791 14.6309 
0.176493 -0.577817 -0.624155 0.0726675 7.84435 11.233 
0.171467 -0.668704 -0.159795 -0.676896 7.52573 12.8271 
0.169525 -0.687251 -0.196819 -1.09261 7.5837 13.2009 
0.13616 -0.645944 -0.157918 -0.54778 8.10402 12.9039 
0.151111 -0.75932 0.382464 -0.913411 8.48053 14.7312 
0.19382 -0.56551 -0.623102 0.259779 7.91726 11.608 
0.227248 -0.638243 -0.084777 0.241132 7.26853 12.8274 
0.173728 -0.631791 -0.100204 0.085967 7.3382 13.1845 
0.192884 -0.642235 -0.159867 0.131711 7.04388 12.8277 
0.11902 -0.850136 0.439458 -1.32761 7.78606 14.6265 
0.192688 -0.55251 -0.699643 0.0370685 7.11402 11.4535 
0.125464 -0.700866 -0.101157 -0.0110307 7.84598 12.8215 
0.177193 -0.694247 -0.159491 -0.0565295 6.96769 12.9722 
0.105727 -0.699472 -0.136847 -0.395988 7.08984 13.1702 
0.153936 -0.754904 0.478879 -0.437834 7.13798 14.7604 
0.158734 -0.559111 -0.582744 0.214218 6.96902 11.6419 
0.123724 -0.66612 -0.0605954 0.101683 7.41676 13.1693 
0.105801 -0.717166 -0.118448 -0.510466 7.33928 13.0991 
0.156157 -0.624798 -0.137859 0.0298998 7.13432 13.1079 
0.133824 -0.728972 0.500161 -0.59629 6.93913 14.9632 
0.108906 -0.611043 -0.638428 0.0357719 7.09852 11.7937 
0.105159 -0.697259 -0.116852 -0.383952 7.33548 13.3926 
0.120597 -0.670177 -0.0795994 -0.447841 6.99026 13.1569 
0.0715878 -0.696319 -0.117474 -0.288074 7.73456 12.9524 
0.0982376 -0.685676 0.425359 -0.446922 7.44766 14.9045 
0.0908438 -0.559303 -0.598423 0.438031 7.51076 11.8636 
0.0880736 -0.670433 -0.0383063 -0.0113189 7.32261 13.5948 
0.105035 -0.637937 -0.134877 0.0760356 7.26672 13.3938 
0.0520944 -0.671017 -0.135316 -0.449348 7.41032 12.9394 
0.0822508 -0.760105 0.50245 -0.769944 7.25833 15.1791 
0.14452 -0.570178 -0.505587 0.678205 7.14113 11.7067 
0.155159 -0.650005 -0.118397 -0.320192 6.64849 13.2387 
0.121751 -0.649393 -0.0216533 -0.0127408 7.17614 13.2263 
0.0895338 -0.727852 -0.13679 -0.458508 7.38114 13.1748 
0.118104 -0.775653 0.480418 -0.768757 7.3527 14.9017 
0.175524 -0.565145 -0.60333 0.06153 7.1697 11.5065 
0.158835 -0.621716 -0.0615274 0.565676 7.56773 13.1089 
0.187763 -0.663349 -0.121334 -0.744627 6.99412 12.9575 
0.105006 -0.675816 -0.136239 -0.262919 7.45554 13.2511 
0.134268 -0.741943 0.460244 -0.690464 7.55115 14.6909 
0.175854 -0.584098 -0.545782 0.050495 7.35971 11.6485 
0.175847 -0.653963 -0.00626332 0.256954 7.28936 12.8746 
0.208739 -0.590551 -0.0628769 0.531524 7.24865 13.1111 
0.102901 -0.673943 -0.137177 -0.586046 7.64405 13.0304 
0.115497 -0.793357 0.497918 -1.32089 7.60776 14.6045 
0.191568 -0.571456 -0.642082 -0.18912 7.30595 11.5929 
0.175075 -0.63189 0.0134739 0.380805 7.53479 12.949 
0.103281 -0.691314 -0.0987586 -0.587864 7.95433 13.179 
0.138395 -0.751625 -0.199363 -1.26751 7.43628 12.5316 
0.134544 -0.779498 0.4789 -0.916758 7.80081 14.7679 
0.227144 -0.534224 -0.621019 0.374421 6.77877 12.1774 
0.123827 -0.645936 -0.0408339 0.32616 7.47738 13.2409 
0.173499 -0.63279 -0.0438031 0.0648701 7.3469 12.9524 
0.121898 -0.661666 -0.137064 -0.19113 7.71683 13.1873 
0.118494 -0.850436 0.420366 -1.43292 7.72343 14.6276 
0.2279 -0.571266 -0.56787 0.114202 7.16278 11.3664 
0.136911 -0.67493 -0.138408 -0.696622 7.24857 13.0291 
0.121346 -0.682826 -0.0994975 -0.429354 7.66312 13.1043 
0.138385 -0.651005 -0.119648 -0.250436 7.67677 12.8908 
0.100587 -0.780002 0.38557 -0.895084 7.87752 15.0008 
0.20986 -0.558896 -0.62379 0.088605 7.44507 11.5253 
0.122374 -0.662949 -0.0988417 -0.0950356 7.6592 13.1797 
0.154056 -0.635849 -0.176861 -0.372704 7.93128 13.0565 
0.0880339 -0.686218 -0.136403 -0.328152 7.56373 13.1023 
0.116704 -0.774064 0.461302 -0.974694 7.47488 14.9055 
0.176179 -0.567011 -0.602379 0.169504 6.9831 11.7245 
0.174516 -0.634028 -0.121126 0.0665826 7.09435 12.7413 
0.106514 -0.693262 0.0167837 0.0374508 7.96061 13.3849 
0.0694429 -0.695006 -0.154756 -0.591973 7.79231 13.1781 
0.117549 -0.770623 0.441208 -0.858296 7.77983 14.6967 
0.159909 -0.574623 -0.54529 0.31958 7.46399 11.5751 
0.173668 -0.677605 -0.0068441 -0.306424 6.9275 12.7885 
0.122097 -0.668603 -0.0987426 -0.223469 7.10861 13.1661 
0.211298 -0.635936 -0.179674 0.285534 6.50523 12.7513 
0.0996791 -0.803067 0.422247 -1.25519 7.64271 14.6916 
0.178623 -0.60204 -0.66112 0.173981 7.34598 11.6012 
0.123671 -0.684722 -0.0994867 -0.113576 7.4764 13.1042 
0.116772 -0.64674 -0.212676 -0.937424 7.10044 13.251 
0.136758 -0.653487 -0.157795 -0.575589 7.36862 12.8876 
0.0975111 -0.762385 0.480889 -1.13123 7.83042 14.8285 
0.158533 -0.592311 -0.526878 -0.0100515 7.71534 11.5014 
0.136193 -0.634254 -0.0797793 -0.357512 7.43436 13.1686 
0.154755 -0.663345 -0.0627882 -0.432645 7.3946 12.9501 
0.156806 -0.640611 -0.119498 0.0299511 7.56666 13.0422 
0.0647242 -0.765477 0.463076 -0.924716 7.79366 14.8254 
0.0542611 -0.637484 -0.578883 -0.453505 7.97905 12.0065 
0.174323 -0.636261 -0.0246491 0.156277 7.04183 12.9431 
0.156429 -0.60622 -0.0998946 0.23781 7.07648 12.9523 
0.0543915 -0.670657 -0.230856 -0.215915 7.27433 12.9583 
0.114449 -0.776937 0.517754 -1.32547 7.3026 14.6653 
0.124672 -0.619935 -0.601648 -0.245193 7.12321 11.6415 
0.0851905 -0.650582 -0.0394636 -0.33716 7.32802 13.2207 
0.118546 -0.649703 -0.0416455 -0.555709 7.11914 13.0014 
0.0851054 -0.674095 -0.269294 -0.859449 6.57081 13.1719 
0.0844883 -0.719141 0.46276 -0.219447 7.31351 14.6752 
0.139671 -0.549598 -0.581298 0.0603437 7.07533 11.784 
0.0354123 -0.700932 -0.114277 -0.506388 7.57777 13.379 
0.104177 -0.65942 -0.117329 -0.274849 7.15217 13.0911 
0.154425 -0.644391 -0.120336 -0.42161 7.20458 12.808 
0.115597 -0.790193 0.459658 -1.30246 7.84829 14.6175 
0.123701 -0.634134 -0.601477 -0.443729 7.67593 11.8004 
0.1221 -0.608374 -0.0594772 0.3373 7.22964 13.1613 
0.121595 -0.644971 -0.0990617 -0.0977488 7.47609 13.0262 
0.137532 -0.615332 -0.138267 -0.138672 7.24422 12.8084 
0.0460393 -0.778708 0.40382 -1.43511 7.53466 14.233 
0.224337 -0.515048 -0.545756 0.140144 6.85372 11.7908 
0.0679388 -0.640448 -0.116305 -0.382141 7.36646 12.9364 
0.067789 -0.645195 -0.0589152 -0.409793 7.00567 12.9168 
0.0709551 -0.703879 -0.118264 -0.538385 7.00286 12.7126 
0.0789139 -0.705189 0.444476 -0.979489 6.70402 14.7276 
