0.0358875 -0.0505426 -0.985847 -0.402011 -0.339722 -3.62851 
0.0356521 -0.00220685 -0.161669 -0.0181961 -0.350891 -0.656964 
0.0165172 -0.0341637 -0.361873 -0.418802 -0.117758 -1.30321 
0.0367311 -0.00338647 -0.320988 0.0857966 -0.307827 -1.08706 
0.0500582 -0.0119752 -0.261869 -0.509933 -0.193249 -1.01929 
0.0526912 -0.0396657 -0.964882 -0.448304 -0.380326 -3.48205 
0.0534424 -0.0125419 -0.158799 -0.0841756 -0.456658 -0.354096 
0.0173234 -0.0139354 -0.380466 -0.188734 -0.192439 -1.2269 
0.0351853 -0.0442778 -0.341878 -0.375795 -0.164184 -1.23068 
0.0512723 -0.0743011 -0.300962 -0.776718 -0.125785 -1.0071 
0.0880498 -0.0196073 -0.947024 -0.335684 -0.721003 -3.63916 
-0.00080767 0.0183386 -0.182314 0.00540588 -0.19957 -0.805596 
-0.00136536 -0.00296401 -0.361662 -0.227 -0.0180564 -1.30598 
0.0165631 -0.0337411 -0.381149 -0.415516 0.00448183 -1.30075 
0.0342868 -0.0436414 -0.320204 -0.480041 -0.0955688 -1.00689 
0.0348788 -0.028377 -0.926732 -0.376954 -0.147473 -3.5647 
0.00020402 -0.00159333 -0.180885 -0.00625382 -0.0145359 -0.653285 
0.0349821 0.0173996 -0.401809 -0.00293236 -0.183739 -1.4552 
0.0741308 -0.026283 -0.399615 0.156959 -0.783677 -1.14911 
0.0511815 -0.0535328 -0.300101 -0.651526 -0.130979 -0.933766 
0.017218 -0.0403322 -1.00362 -0.444389 -0.294168 -3.47427 
0.000158135 -0.00201595 -0.161609 -0.00953978 -0.136776 -0.655738 
0.0181562 0.00747646 -0.381754 0.0487313 -0.01605 -1.38145 
-0.00048903 -0.00264666 -0.342316 -0.117384 0.0404144 -1.30955 
0.0875725 -0.0542637 -0.319614 -0.555306 -0.414579 -0.932014 
0.034989 -0.0499062 -0.964173 -0.506257 -0.271107 -3.40472 
0.0518058 -0.0326649 -0.178828 -0.420575 -0.318208 -0.424383 
-0.000398172 -0.023415 -0.343177 -0.242576 0.0456082 -1.38288 
0.0164264 -0.0133954 -0.361012 -0.29361 -0.122952 -1.22987 
0.0875725 -0.0542637 -0.319614 -0.555306 -0.414579 -0.932014 
-0.000594435 -0.0290434 -0.965472 -0.373039 -0.0613156 -3.55693 
-0.0185099 0.00809811 -0.181605 -0.0525471 -0.090351 -0.728268 
0.0340391 0.017517 -0.36308 -0.111094 -0.236494 -1.46063 
0.0343089 -0.0445951 -0.361223 -0.485411 -0.222654 -1.22711 
-0.00214781 -0.0218159 -0.321326 -0.448412 0.30595 -1.15962 
0.0883206 -0.0601059 -0.982858 -0.578237 -0.467878 -3.32739 
0.0357208 -0.0220214 -0.12151 -0.138018 -0.218611 -0.510084 
-0.00122862 -0.0233097 -0.381799 -0.348907 0.109378 -1.37686 
0.0528875 -0.0340373 -0.342587 -0.317842 -0.273402 -1.30801 
0.051092 -0.0328609 -0.30146 -0.526964 -0.135301 -1.0872 
0.0181838 -0.0606868 -0.982917 -0.459334 -0.231375 -3.32442 
0.0366179 -0.0225614 -0.140964 -0.0331418 -0.288097 -0.507106 
0.0172591 0.00801647 -0.362301 -0.0561447 0.0534361 -1.38442 
0.0181998 -0.0136181 -0.36112 -0.079117 -0.133968 -1.23047 
0.0519891 -0.0334009 -0.320913 -0.422088 -0.204787 -1.08422 
0.0361586 -0.112751 -0.98621 -0.776958 -0.325012 -3.62175 
0.0178154 0.0294155 -0.180733 0.176891 -0.128948 -0.657278 
0.0706792 -0.0444687 -0.341937 -0.384451 -0.378298 -1.2319 
0.0519662 -0.0131637 -0.380347 -0.29898 -0.214827 -1.22865 
0.0341515 -0.0233921 -0.302287 -0.358764 -0.222132 -1.16277 
-0.000594435 -0.0290434 -0.965472 -0.373039 -0.0613156 -3.55693 
0.036527 -0.00179313 -0.140103 0.0920505 -0.293291 -0.433771 
0.0351624 -0.0240406 -0.401311 -0.252687 -0.174223 -1.3751 
0.0528875 -0.0340373 -0.342587 -0.317842 -0.273402 -1.30801 
0.0333003 -0.0224295 -0.302109 -0.460354 -0.0304052 -1.1633 
0.034989 -0.0499062 -0.964173 -0.506257 -0.271107 -3.40472 
0.0357416 -0.0228788 -0.16031 -0.142758 -0.346568 -0.503534 
0.0351417 -0.0231832 -0.362512 -0.247946 -0.0462659 -1.38166 
0.0352267 -0.0459925 -0.419476 -0.385276 -0.420098 -1.21758 
0.0520799 -0.0541692 -0.321774 -0.54728 -0.199593 -1.15755 
0.0545749 -0.0614177 -1.00243 -0.363115 -0.514976 -3.32266 
0.0169619 0.00886094 -0.140645 -0.0558329 -0.17738 -0.509279 
0.0342653 -0.0235006 -0.381858 -0.357563 -0.104737 -1.37808 
0.0528861 -0.0339409 -0.340367 -0.317212 -0.274274 -1.08124 
0.0503273 -0.0548039 -0.360466 -0.766513 -0.316535 -1.15041 
0.0358861 -0.0504463 -0.983627 -0.401381 -0.340594 -3.40174 
0.036527 -0.00179313 -0.140103 0.0920505 -0.293291 -0.433771 
0.0343089 -0.0445951 -0.361223 -0.485411 -0.222654 -1.22711 
0.0555328 -0.0360799 -0.381672 -0.0064995 -0.604101 -1.30153 
0.0162253 0.0289022 -0.32271 -0.0391144 -0.00451192 -1.31652 
0.0171973 -0.0394748 -0.964823 -0.439648 -0.166212 -3.48083 
0.0346849 0.0182441 -0.180153 -0.0026206 -0.414555 -0.580056 
0.0332972 -0.0246632 -0.362652 -0.473752 -0.407688 -1.37942 
0.0344007 -0.0437499 -0.399775 -0.478839 0.0218262 -1.2222 
0.0342181 -0.0238268 -0.360362 -0.360219 -0.227848 -1.15377 
0.0181402 -0.0395922 -1.00355 -0.331486 -0.113457 -3.47539 
0.0356749 -0.022444 -0.102235 -0.141304 -0.340852 -0.512538 
0.017234 0.00673649 -0.381824 -0.0641713 -0.196761 -1.38033 
0.0519653 -0.0347772 -0.342657 -0.430744 -0.454113 -1.30689 
0.0350485 -0.0239321 -0.321741 -0.253888 -0.291618 -1.1598 
-0.036248 0.0117303 -1.00471 -0.119368 0.0153256 -3.62925 
-0.0177452 0.0300411 -0.122598 0.187003 0.0908828 -0.665057 
0.0528174 -0.0141263 -0.380525 -0.19739 -0.406553 -1.22812 
0.0358098 0.0174871 -0.358748 0.104658 -0.249252 -1.0077 
0.0528402 -0.0343635 -0.321091 -0.320498 -0.396514 -1.08369 
0.0880957 -0.0191847 -0.9663 -0.332398 -0.598763 -3.63671 
0.0356957 -0.0233014 -0.141034 -0.146044 -0.468808 -0.505987 
0.0368198 -0.00477494 -0.420082 0.0789713 -0.440629 -1.29827 
0.035206 -0.0451351 -0.380677 -0.380535 -0.292141 -1.22413 
0.0351853 -0.0442778 -0.341878 -0.375795 -0.164184 -1.23068 
0.0171973 -0.0394748 -0.964823 -0.439648 -0.166212 -3.48083 
0.016916 0.00843832 -0.121369 -0.0591189 -0.29962 -0.511732 
0.0173707 -0.0136092 -0.401961 -0.186078 -0.0693269 -1.45121 
0.0164264 -0.0133954 -0.361012 -0.29361 -0.122952 -1.22987 
0.0519432 -0.0338235 -0.301638 -0.425374 -0.327028 -1.08667 
0.0358875 -0.0505426 -0.985847 -0.402011 -0.339722 -3.62851 
6.52686e-007 0.0191871 -0.102673 0.117107 -0.136254 -0.591407 
0.000565523 -0.0243897 -0.420706 -0.139155 -0.0295945 -1.3709 
0.0359456 -0.0244721 -0.341195 -0.149012 -0.361104 -1.15682 
0.0695753 -0.00367206 -0.340285 -0.246969 -0.569397 -1.08411 
0.0188798 -0.0189292 -0.964069 -0.0999631 -0.182421 -3.40808 
0.0364812 -0.00221575 -0.120827 0.0887645 -0.415532 -0.436225 
-0.00129735 -0.00349512 -0.421957 -0.229085 -0.0229017 -1.52374 
0.0350257 -0.00369492 -0.381175 -0.130781 -0.301657 -1.30422 
0.0350485 -0.0239321 -0.321741 -0.253888 -0.291618 -1.1598 
0.00117896 -0.0292661 -0.96558 -0.158546 -0.072331 -3.55752 
0.0356048 -0.0025331 -0.140173 -0.0208522 -0.474002 -0.432652 
0.0352533 -0.0448089 -0.402173 -0.377879 -0.169029 -1.44844 
-0.0172928 -0.0135235 -0.363281 -0.0710905 0.081018 -1.45601 
-0.018283 -0.0137324 -0.303056 -0.181909 -0.0948478 -1.23713 
0.0180944 -0.0400148 -0.984276 -0.334772 -0.235698 -3.47785 
0.0188262 -0.01213 -0.141614 0.0334676 -0.183201 -0.583209 
0.0343089 -0.0445951 -0.361223 -0.485411 -0.222654 -1.22711 
0.0175051 -0.055472 -0.382188 -0.439118 -0.182051 -1.37357 
0.0164264 -0.0133954 -0.361012 -0.29361 -0.122952 -1.22987 
0.0189248 -0.0401201 -0.945655 -0.228441 -0.299467 -3.48387 
0.0169619 0.00886094 -0.140645 -0.0558329 -0.17738 -0.509279 
-0.00129735 -0.00349512 -0.421957 -0.229085 -0.0229017 -1.52374 
0.0335027 -0.0648234 -0.342631 -0.71548 -0.147974 -1.30342 
0.034959 -0.00326018 -0.3231 -0.129326 -0.29594 -1.31323 
0.0180944 -0.0400148 -0.984276 -0.334772 -0.235698 -3.47785 
0.0161098 -0.01179 -0.102777 -0.289187 -0.22494 -0.588045 
0.017551 -0.0550494 -0.401464 -0.435832 -0.0598104 -1.37111 
0.0699175 -0.064178 -0.3404 -0.610603 -0.182249 -1.079 
0.0173027 -0.0130781 -0.341666 -0.183993 -0.0644816 -1.23345 
0.000302635 -0.0295834 -0.984926 -0.268163 -0.130802 -3.55395 
0.0364604 -0.00135839 -0.082028 0.0935052 -0.287575 -0.442775 
0.0351165 -0.0244632 -0.382036 -0.255973 -0.296463 -1.37756 
0.052977 -0.0547092 -0.341228 -0.442404 -0.26908 -1.15458 
0.034959 -0.00326018 -0.3231 -0.129326 -0.29594 -1.31323 
0.0527579 -0.0401005 -1.02296 -0.449759 -0.386043 -3.47305 
-0.0167586 0.00882918 -0.140693 0.167316 0.0257192 -0.508648 
0.0360387 -0.0237232 -0.381966 -0.14307 -0.115752 -1.37868 
-0.000512793 -0.00402301 -0.36406 -0.12604 -0.208912 -1.53222 
0.0350958 -0.0236059 -0.343237 -0.251232 -0.168506 -1.38411 
0.00034852 -0.0291608 -1.0042 -0.264877 -0.00856139 -3.5515 
0.034642 0.0200552 -0.100334 0.00749067 -0.159513 -0.366392 
-0.00136306 0.0185532 -0.401572 -0.0958661 0.222102 -1.4545 
-0.000423317 -0.0246949 -0.362701 -0.250603 -0.204589 -1.37879 
0.0527508 -0.0136916 -0.32245 -0.195935 -0.400836 -1.23712 
0.0171537 -0.0183803 -0.985457 -0.3118 -0.0482938 -3.6318 
-4.43193e-005 0.040378 -0.121087 0.245585 -0.0192071 -0.515619 
-0.00024069 -0.044618 -0.402113 -0.369223 0.0450855 -1.44721 
-0.000398172 -0.023415 -0.343177 -0.242576 0.0456082 -1.38288 
-0.0013861 -0.00210665 -0.322862 -0.22226 0.109901 -1.31253 
0.0526912 -0.0396657 -0.964882 -0.448304 -0.380326 -3.48205 
-9.02045e-005 0.0399554 -0.101812 0.242299 -0.141447 -0.518072 
0.016654 -0.0545094 -0.38201 -0.540708 0.00967572 -1.37409 
0.0182906 -0.0343864 -0.361981 -0.204309 -0.128774 -1.3038 
-0.017519 0.0274941 -0.344503 0.175378 -0.0507388 -1.53856 
0.0358875 -0.0505426 -0.985847 -0.402011 -0.339722 -3.62851 
0.03563 -0.00125312 -0.120649 -0.0128255 -0.223805 -0.436749 
0.0173707 -0.0136092 -0.401961 -0.186078 -0.0693269 -1.45121 
0.0350958 -0.0236059 -0.343237 -0.251232 -0.168506 -1.38411 
0.0521007 -0.0550265 -0.360574 -0.552021 -0.32755 -1.151 
0.0349203 -0.0300917 -1.00433 -0.386436 -0.403387 -3.5516 
-0.0167794 0.00968654 -0.101894 0.172057 0.153676 -0.515199 
0.0510913 -0.0135774 -0.401913 -0.409227 -0.272426 -1.45184 
0.0697822 -0.0439287 -0.322484 -0.489327 -0.308812 -1.23488 
0.0163161 0.00813386 -0.323571 -0.164307 0.000681968 -1.38985 
0.0714695 -0.0713091 -0.982327 -0.5346 -0.550386 -3.24954 
-0.0186674 0.0293011 -0.122668 0.0740998 -0.0898283 -0.663937 
0.0173041 -0.0131744 -0.343886 -0.184623 -0.0636103 -1.46021 
-0.00132039 -0.0241549 -0.343247 -0.355479 -0.135103 -1.38176 
-0.0012745 -0.0237323 -0.362523 -0.352193 -0.0128625 -1.37931 
0.0526912 -0.0396657 -0.964882 -0.448304 -0.380326 -3.48205 
9.01283e-005 -0.00148484 -0.101314 -0.00745517 -0.131931 -0.437977 
-0.00131809 -0.00263776 -0.383157 -0.224344 0.105055 -1.53029 
-0.000377432 -0.0242723 -0.381977 -0.247317 -0.0823487 -1.37633 
0.0182699 -0.033529 -0.323182 -0.199569 -0.000816954 -1.31035 
0.0172881 -0.0602431 -0.965684 -0.56484 -0.161018 -3.55416 
0.0187582 -0.0115989 -0.0813189 0.0355522 -0.178356 -0.365447 
0.0369631 -0.0423631 -0.283663 -0.148534 0.202955 -1.24192 
-0.00048903 -0.00264666 -0.342316 -0.117384 0.0404144 -1.30955 
0.0172568 -0.0135007 -0.322391 -0.187279 -0.186722 -1.2359 
0.0171973 -0.0394748 -0.964823 -0.439648 -0.166212 -3.48083 
0.0186687 0.00907302 -0.0826777 0.160115 -0.182679 -0.518878 
0.0164944 -0.0139265 -0.421307 -0.295694 -0.127798 -1.44763 
0.0182906 -0.0343864 -0.361981 -0.204309 -0.128774 -1.3038 
0.0178606 0.0491215 -0.300461 0.297914 -0.143833 -1.01947 
0.0348995 -0.0292343 -0.965532 -0.381695 -0.27543 -3.55815 
0.0177924 0.00875567 -0.102023 0.0504978 -0.241149 -0.515305 
0.034332 -0.0239353 -0.439933 -0.359018 -0.110453 -1.36908 
0.0173477 -0.034269 -0.323252 -0.312471 -0.181528 -1.30923 
-0.00141124 -0.00338663 -0.342386 -0.230286 -0.140297 -1.30843 
0.0357966 -0.0297743 -0.984985 -0.276819 -0.344916 -3.55518 
0.000136013 -0.00106222 -0.12059 -0.00416921 -0.00969061 -0.435523 
0.0698488 -0.0443634 -0.380558 -0.490782 -0.314529 -1.22588 
-0.0005808 -0.0034919 -0.303765 -0.123956 -0.204066 -1.31445 
-0.000534915 -0.00306928 -0.32304 -0.12067 -0.081826 -1.312 
0.0180049 -0.0193429 -0.985635 -0.21021 -0.24002 -3.63128 
6.93883e-005 -0.00062748 -0.062515 -0.00271446 -0.00397399 -0.444527 
0.0147911 -0.0336148 -0.383261 -0.630639 0.0163685 -1.52693 
0.0173234 -0.0139354 -0.380466 -0.188734 -0.192439 -1.2269 
-0.00136536 -0.00296401 -0.361662 -0.227 -0.0180564 -1.30598 
0.000302635 -0.0295834 -0.984926 -0.268163 -0.130802 -3.55395 
0.000180985 -0.0222531 -0.102176 -0.132647 -0.126737 -0.511312 
-0.107171 0.0594107 -0.406509 0.280188 0.664945 -1.98392 
0.0174844 -0.0546147 -0.343389 -0.434377 -0.0540938 -1.38012 
0.0181331 -0.0131833 -0.303045 -0.0776622 -0.128251 -1.23947 
0.0545555 -0.0606567 -0.965851 -0.359004 -0.386148 -3.55598 
-0.000966534 0.039638 -0.121157 0.132683 -0.199918 -0.5145 
-0.00134324 -0.00391774 -0.402681 -0.232371 -0.145142 -1.52619 
-0.000398172 -0.023415 -0.343177 -0.242576 0.0456082 -1.38288 
0.0180621 -0.0148859 -0.303293 -0.0889749 -0.500689 -1.23783 
0.0153745 -0.0201986 -1.04145 -0.53843 -0.416304 -3.39379 
0.00186353 -0.0017075 -0.101422 0.207038 -0.142946 -0.438572 
-0.000376051 -0.0243687 -0.384197 -0.247946 -0.0814774 -1.6031 
0.0181998 -0.0136181 -0.36112 -0.079117 -0.133968 -1.23047 
0.0173027 -0.0130781 -0.341666 -0.183993 -0.0644816 -1.23345 
0.0357966 -0.0297743 -0.984985 -0.276819 -0.344916 -3.55518 
0.0177924 0.00875567 -0.102023 0.0504978 -0.241149 -0.515305 
0.0174616 -0.0343775 -0.402822 -0.31127 -0.064133 -1.52454 
0.0537387 -0.0349999 -0.342765 -0.216252 -0.465129 -1.30748 
0.018179 -0.0127607 -0.322321 -0.0743763 -0.00601085 -1.23702 
0.0180498 -0.0405338 -0.967221 -0.338688 -0.357067 -3.70707 
0.0355382 -0.00209836 -0.082098 -0.0193975 -0.468286 -0.441656 
0.0173707 -0.0136092 -0.401961 -0.186078 -0.0693269 -1.45121 
0.0360823 -0.0448178 -0.361331 -0.270919 -0.23367 -1.2277 
0.0511127 -0.0337182 -0.340259 -0.531704 -0.263258 -1.08065 
0.0348995 -0.0292343 -0.965532 -0.381695 -0.27543 -3.55815 
-0.017703 0.00904294 -0.099744 0.059784 -0.0279063 -0.287314 
-0.00129735 -0.00349512 -0.421957 -0.229085 -0.0229017 -1.52374 
0.0184946 0.00249083 -0.745992 0.0242812 -0.416688 -2.91314 
-0.034753 0.0207576 0.0373218 0.239549 0.146022 -0.158231 
0.0343311 -0.0455489 -0.402243 -0.490782 -0.34974 -1.44732 
0.0351165 -0.0244632 -0.382036 -0.255973 -0.296463 -1.37756 
0.0342181 -0.0238268 -0.360362 -0.360219 -0.227848 -1.15377 
-0.0363843 0.0103661 -0.949103 -0.129856 -0.350524 -3.86337 
1.38155e-006 -9.63685e-005 -0.00222005 -0.000629852 0.000871308 -0.226766 
0.0343783 -0.0452226 -0.423738 -0.488126 -0.226628 -1.67163 
0.0351165 -0.0244632 -0.382036 -0.255973 -0.296463 -1.37756 
0.0172568 -0.0135007 -0.322391 -0.187279 -0.186722 -1.2359 
0.0713341 -0.0510598 -0.96441 -0.413324 -0.676948 -3.40542 
0.000830445 -0.000105267 0.0386213 0.106331 -0.0637696 -0.00602609 
0.000703647 -0.0448318 -0.443063 -0.261691 0.098711 -1.66855 
0.0164944 -0.0139265 -0.421307 -0.295694 -0.127798 -1.44763 
0.141422 0.0402515 -0.359858 0.112974 -0.331754 -1.16697 
0.179685 -0.00545276 -1.01586 0.0593273 -0.230842 -2.80542 
0.110257 0.00361789 -0.0295686 0.434733 0.321496 0.903815 
0.12763 0.0115259 -0.47144 0.37979 0.492327 -0.695917 
0.197788 -0.00803412 -0.409727 0.138409 0.264993 -0.3277 
0.233194 0.014777 -0.348382 0.268342 0.422967 -0.0394735 
0.12901 0.0501097 -0.997218 0.731082 0.870983 -2.96785 
0.270191 0.018818 -0.044606 0.496544 0.59363 1.27264 
0.326739 0.00593678 -0.502449 0.741283 0.654008 0.0531391 
0.413882 -0.022573 -0.456964 0.335619 0.634872 0.726152 
0.433266 -0.0109739 -0.354246 0.61615 0.645698 1.31297 
0.524565 -0.0276593 -1.01263 0.72505 0.0465168 -0.555819 
0.471719 0.0763402 -0.0664093 1.5629 0.90681 2.92028 
0.597889 -0.0192544 -0.544764 1.07898 0.692119 1.63481 
0.633298 0.0250739 -0.523329 1.34005 1.09025 1.77451 
0.653563 0.0800247 -0.481086 1.99246 1.63986 2.06071 
0.779573 0.0442965 -1.09919 1.8713 1.15057 0.337045 
0.689616 0.0842794 -0.136361 2.11313 1.7569 3.59415 
0.705324 0.0492672 -0.577875 1.58263 1.57583 2.07675 
0.724778 0.0602388 -0.537672 1.86045 1.58268 2.21905 
0.706042 0.070884 -0.497373 1.81952 1.63395 2.36428 
0.742444 0.024268 -1.12138 1.54292 1.50401 0.0412185 
0.758947 0.0645356 -0.119929 1.76353 1.59595 3.2881 
0.756982 0.04208 -0.58112 1.31424 2.01445 1.69541 
0.793421 0.0440054 -0.559365 1.42714 2.23037 1.91573 
0.775497 0.0769199 -0.481555 1.62842 2.58599 1.89986 
0.791321 0.0609863 -1.10531 1.21623 2.38605 -0.424252 
0.791897 0.112404 -0.140951 1.72514 2.81549 2.9776 
0.845867 0.0577111 -0.546844 1.3923 2.72401 1.15061 
0.825403 0.0690016 -0.525712 1.14017 2.90854 1.29889 
0.805771 0.0800904 -0.468179 0.993739 3.03017 1.21438 
0.896221 0.0641749 -1.13082 0.999789 2.62446 -1.10847 
0.808893 0.10511 -0.109956 1.57048 3.4062 2.13792 
0.823663 0.0916359 -0.55487 1.06232 3.4134 0.239803 
0.771543 0.0397024 -0.570838 0.868771 3.67589 0.628196 
0.839637 0.0616247 -0.436604 0.659561 3.33527 0.451923 
0.808323 0.0533065 -1.0832 1.05904 2.98025 -2.17099 
0.753786 0.0915887 -0.116236 1.28217 2.99828 1.54006 
0.788095 0.0661806 -0.580133 0.913868 2.63937 -0.278452 
0.789957 0.0453824 -0.576662 1.00443 2.63181 0.101149 
0.770168 0.0776742 -0.460192 0.984647 2.75396 0.0809686 
0.771765 0.0709658 -1.12139 1.06394 2.50807 -2.08712 
0.735098 0.102464 -0.0996521 1.24328 3.17354 1.23421 
0.77051 0.0580653 -0.598451 0.870514 3.24327 -0.200315 
0.822045 0.0274285 -0.538319 0.457648 2.94532 0.0195835 
0.839478 0.102208 -0.475901 0.904575 3.1978 0.378378 
0.822387 0.106471 -1.1183 0.945597 3.12628 -1.86879 
0.804318 0.147765 -0.114499 1.2884 3.61218 1.60496 
0.838626 0.122454 -0.576176 0.920722 3.2524 0.0132117 
0.820024 0.091236 -0.516103 0.626759 3.19095 0.236086 
0.820004 0.113707 -0.514994 0.763263 3.55819 0.307777 
0.804551 0.116383 -1.10189 1.00829 3.10981 -2.17411 
0.766978 0.124863 -0.0768904 0.939483 3.22558 1.53018 
0.785494 0.0687422 -0.558103 0.606442 3.09144 -0.0557137 
0.785312 0.0886653 -0.51869 0.725063 2.84177 0.0127146 
0.731731 0.140933 -0.437988 1.04951 3.033 0.299816 
0.734388 0.0929086 -1.08379 0.987403 2.85683 -2.24528 
0.714474 0.132723 -0.0801271 1.1044 2.9813 1.23071 
0.87461 -0.0262314 -0.5761 0.0149843 2.32715 0.182226 
0.767565 0.0779058 -0.500926 0.663194 2.82962 -0.139176 
0.803912 0.0790824 -0.4384 0.770154 2.80019 0.303006 
0.767193 0.115855 -1.0654 0.795253 3.09133 -2.40396 
0.766935 0.145957 -0.0975248 1.06733 3.3435 1.3792 
0.766833 0.102511 -0.559685 0.707337 3.75618 -0.287415 
0.83872 0.103919 -0.516494 0.808927 3.63488 0.155994 
0.83771 0.126181 -0.45516 0.834614 3.82625 0.446567 
0.821606 0.0875222 -1.08018 0.723556 3.45116 -1.9492 
0.785809 0.117297 -0.0951981 1.00037 3.79608 1.60597 
0.787294 0.0914131 -0.576377 0.960726 3.56991 0.0178359 
0.749889 0.0905588 -0.518383 0.745031 3.42832 0.0122964 
0.769359 0.0792522 -0.47485 0.887603 3.06619 0.536429 
0.788685 0.0623543 -1.08177 0.900478 2.72285 -2.01809 
0.716452 0.092437 -0.0579938 1.07779 3.22913 1.53288 
0.770348 0.077131 -0.597838 0.984394 2.86564 -0.125336 
0.750831 0.0688279 -0.519422 0.721429 3.24179 -0.060514 
0.749775 0.0906673 -0.438812 0.74383 3.31093 0.227605 
0.766586 0.0534254 -1.08288 0.311319 3.0467 -2.16687 
0.749303 0.115806 -0.0588777 0.888927 3.58587 1.37665 
0.782715 0.112648 -0.53879 0.548141 3.53487 -0.139836 
0.820142 0.0716513 -0.499661 0.508963 3.44721 -0.0681121 
0.783568 0.0923053 -0.440736 0.531364 3.48114 -0.00143588 
0.80112 0.09734 -1.08302 0.46214 3.38723 -2.25036 
0.729737 0.12646 -0.0594195 0.741043 3.70178 1.30114 
0.764157 0.0795226 -0.560757 0.243436 3.21924 -0.357392 
0.730324 0.079503 -0.483455 0.464754 3.30582 -0.368219 
0.729267 0.101439 -0.400625 0.487785 3.37408 0.146666 
0.748703 0.0630116 -1.04498 0.371357 2.90712 -2.24787 
0.730699 0.103968 -0.0970381 0.71333 3.38642 1.46165 
0.78276 0.0914568 -0.520376 0.419663 3.41782 -0.215625 
0.835934 0.10246 -0.480125 0.47433 3.22157 -0.0739638 
0.782625 0.114133 -0.437476 0.555596 3.6668 0.29814 
0.784294 0.0874168 -1.06296 0.513804 3.55492 -2.1766 
0.766177 0.128385 -0.0376649 0.853946 3.91771 1.52146 
0.783753 0.0938994 -0.520058 0.543878 3.97097 -0.218388 
0.802465 0.0843043 -0.517118 0.590801 4.04591 0.0833606 
0.750663 0.13839 -0.38042 1.14188 4.60515 0.132454 
0.839469 0.0787934 -1.07929 0.668259 3.7187 -1.87474 
0.822455 0.0790617 -0.0534223 0.87155 4.27171 1.9023 
0.819408 0.0963527 -0.5562 0.553736 4.3729 0.0104144 
0.819521 0.0554436 -0.495408 0.306066 4.38726 0.308272 
0.820169 0.0968749 -0.455064 0.662781 4.3131 0.448916 
0.856388 0.070182 -1.03966 0.504801 3.93349 -1.80572 
0.835534 0.131631 -0.0371793 0.644766 4.24537 1.51632 
0.835446 0.063673 -0.556552 0.136129 3.91178 0.0154207 
0.819405 0.053222 -0.4786 0.290837 3.89346 0.0806968 
0.801429 0.0836728 -0.437618 0.476697 3.74781 0.299788 
0.785235 0.0657822 -1.06178 0.490831 3.36752 -2.02264 
0.71392 0.0943711 -0.098479 0.76765 3.67722 1.31109 
0.765956 0.0805799 -0.541341 0.465956 3.45842 -0.362084 
0.729608 0.0602163 -0.501194 0.241888 3.62411 -0.212859 
0.693776 0.101437 -0.405006 0.495181 3.58994 -0.30564 
0.729925 0.0946549 -1.02754 0.457652 3.07717 -2.48039 
0.693322 0.104201 -0.0239604 0.504403 3.49677 0.998477 
0.692991 0.0995384 -0.527886 0.37748 3.40041 -0.96681 
0.709948 0.0677914 -0.523727 0.0740351 3.11825 -0.509391 
0.675082 0.0886575 -0.406835 0.312383 3.14688 -0.452314 
0.658797 0.0914388 -1.03236 0.45108 2.76227 -2.92818 
0.65789 0.0584964 -0.0671393 0.234679 2.84931 0.636106 
0.658434 0.0542475 -0.549499 0.218002 2.81055 -1.10599 
0.621905 0.0537105 -0.472159 0.111925 2.72743 -1.1151 
0.587103 0.0742382 -0.411122 0.349448 2.74947 -0.822253 
0.606383 0.0786276 -1.03423 0.491431 2.52231 -3.07422 
0.60532 0.0884054 -0.0499909 0.532811 2.85003 0.40587 
0.658342 0.0534022 -0.510948 0.21143 2.56607 -1.11089 
0.621949 0.0542295 -0.489215 0.115841 2.8488 -0.885881 
0.657174 0.0968673 -0.390677 0.363764 2.75797 -0.755991 
0.678382 0.0583138 -1.03292 0.462459 2.27912 -2.92436 
0.658675 0.079582 -0.0469323 0.469488 2.90259 0.705868 
0.674477 0.0453187 -0.529217 -0.0550731 2.96687 -1.03339 
0.674435 0.0687433 -0.487089 0.0868023 3.4612 -0.741482 
0.675038 0.109752 -0.427469 0.440232 3.2648 -0.603291 
0.710447 0.082307 -1.08948 0.17118 2.821 -2.84535 
0.67546 0.112833 -0.0270783 0.55907 3.2301 0.697253 
0.674411 0.067367 -0.508832 0.0781458 3.21187 -0.96415 
0.675358 0.0477734 -0.451549 0.067311 3.40349 -1.04761 
0.708738 0.110641 -0.388621 0.221823 3.18966 -0.610473 
0.674797 0.103605 -1.03271 0.305853 3.03651 -3.00655 
0.65594 0.124006 -0.0446756 0.415102 3.46738 0.850964 
0.710918 0.0471477 -0.509683 0.0571999 3.18366 -1.03983 
0.692137 0.0789838 -0.487798 0.144755 3.35198 -0.81881 
0.656486 0.100378 -0.428802 0.280059 3.56661 -0.753253 
0.674868 0.105307 -1.03246 0.317166 3.40894 -3.0082 
0.710353 0.0739639 -0.0239939 0.211011 3.5888 1.00072 
0.727748 0.0809181 -0.506884 0.150698 3.63254 -0.819227 
0.764992 0.0815547 -0.463812 0.362534 3.53363 -0.374066 
0.710627 0.11264 -0.405537 0.451544 3.67245 -0.383493 
0.764682 0.0760347 -1.00654 0.23087 3.30931 -2.3328 
0.728055 0.105914 -0.0601728 0.401358 3.71799 1.2284 
0.744663 0.0918793 -0.56105 0.106866 3.70759 -0.434544 
0.763425 0.0632306 -0.481373 0.0380779 4.04364 -0.219231 
0.798739 0.0851965 -0.381477 0.161439 3.95714 0.0640888 
0.818019 0.0895859 -1.00459 0.303422 3.72998 -2.18788 
0.780541 0.120428 -0.0580467 0.37232 4.33039 1.3728 
0.781354 0.0540671 -0.53855 -0.0186736 4.30547 -0.135769 
0.816508 0.0950023 -0.440261 0.217937 3.8422 -0.0042354 
0.763271 0.0866674 -0.361894 0.178122 4.42145 0.0612173 
0.781537 0.111085 -0.984215 0.332395 4.00838 -2.1163 
0.78045 0.141196 -0.0571855 0.497512 4.3252 1.44613 
0.797173 0.0860595 -0.501711 -0.0459102 4.3309 -0.372484 
0.798094 0.0868959 -0.49942 0.0676223 4.51074 -0.146837 
0.780974 0.118521 -0.400293 0.367839 4.55152 0.0621307 
0.799422 0.101403 -1.02434 0.271727 4.14884 -2.26205 
0.783211 0.119665 -0.0776084 0.691689 4.24989 1.37518 
0.815771 0.0958564 -0.519653 0.117549 4.15132 -0.220068 
0.780139 0.0947795 -0.461767 0.116347 3.99872 -0.226203 
0.762189 0.12651 -0.401261 0.310233 4.10326 -0.0112083 
0.782498 0.0885932 -1.02183 0.304682 3.69302 -1.95579 
0.761895 0.110305 -0.0186085 0.206205 4.38685 1.4447 
0.815817 0.096279 -0.538929 0.120835 4.27356 -0.217615 
0.797957 0.107242 -0.479284 0.189529 4.3833 -0.0759557 
0.798675 0.128858 -0.398782 0.426422 4.44143 0.211568 
0.815395 0.112385 -1.04199 0.119103 4.17201 -2.10957 
0.798267 0.132045 -0.037012 0.43893 4.4705 1.51814 
0.743933 0.0971045 -0.521577 0.0326414 4.77215 -0.444907 
0.726767 0.147591 -0.503626 0.447309 4.55356 -0.603034 
0.743771 0.0752732 -0.38282 -0.10298 4.29236 -0.0835281 
0.728182 0.119908 -0.987273 0.395718 3.95583 -2.41629 
0.709507 0.0986774 -0.00318267 0.253953 4.39796 1.06779 
0.780207 0.0942483 -0.522062 0.114263 3.99387 -0.443964 
0.779359 0.0974447 -0.461341 0.0260697 4.56288 -0.228371 
0.778258 0.140475 -0.399145 0.176949 4.74906 0.135536 
0.815289 0.136051 -0.946229 0.261174 4.67379 -2.2802 
0.779649 0.144719 -0.0179599 0.411976 5.01732 1.43741 
0.815037 0.0989443 -0.538503 0.0305572 4.83773 -0.219784 
0.833522 0.108753 -0.479095 0.192185 4.54163 -0.0788255 
0.814855 0.0995839 -0.398637 0.0314405 4.72518 0.213287 
0.797109 0.110438 -0.418562 0.101336 4.95231 0.139637 
0.796947 0.129504 -0.417949 0.215215 4.57468 0.214616 
0.814197 0.103941 0.163293 0.046916 4.64654 2.17069 
0.867153 0.0193095 -0.958509 -0.670736 3.76478 -1.43183 
0.762193 0.128648 -0.342938 0.323001 4.48142 -0.0218563 
0.761406 0.107658 -0.360924 0.0888216 4.42727 0.135147 
0.742785 0.0964851 -0.364726 -0.0832938 4.35752 -0.239937 
0.76086 0.0903901 0.161345 -0.0256358 4.22587 2.02576 
0.744337 0.0700706 -0.906199 -0.125028 4.12651 -2.04584 
0.691179 0.106136 -0.324653 0.200523 4.42016 -0.0935492 
0.690394 0.0850503 -0.34486 -0.0342864 4.36688 -0.163311 
0.726871 0.0614137 -0.423557 -0.0760263 3.71032 -0.224246 
0.708401 0.0770599 0.176523 0.0107993 3.86454 1.6505 
0.708817 0.0473679 -0.887974 -0.256162 3.85114 -2.11876 
0.710739 0.071731 -0.344744 0.203874 3.68681 -0.0856352 
0.65465 0.124882 -0.347766 0.212182 4.19992 -0.467303 
0.743747 0.0738968 -0.404564 -0.111637 4.04303 -0.306196 
0.777711 0.101593 0.160814 -0.0692729 4.30838 1.94791 
0.801217 0.0810391 -0.96279 0.363742 4.14699 -1.89145 
0.79697 0.109266 -0.358516 0.0921077 4.58472 0.359043 
0.813732 0.141141 -0.360405 0.173033 4.66291 0.12776 
0.814765 0.120256 -0.399996 0.156003 4.72085 0.0598558 
0.794587 0.135786 0.144337 0.0275108 4.8795 2.17097 
0.834783 0.104508 -0.843262 0.280637 4.3217 -1.61164 
0.832598 0.0672127 -0.338802 -0.169589 4.25788 0.43546 
0.743594 0.118947 -0.322775 0.160172 4.66012 0.052494 
0.815682 0.0972449 -0.420559 0.124374 4.28412 -0.0088573 
0.778725 0.103178 0.122333 0.0502017 4.73357 1.9517 
0.832362 0.0849125 -0.921188 -0.158806 4.64616 -1.67344 
0.900986 0.0693925 -0.316891 -0.494328 4.28172 0.655747 
0.849411 0.123261 -0.339334 0.0591537 5.07575 0.274223 
0.847866 0.103983 -0.397914 -0.270673 5.45868 0.208843 
0.864889 0.141149 0.166636 -0.0601102 5.6372 2.38737 
0.865216 0.132129 -0.899219 -0.202509 5.61947 -1.53532 
0.864514 0.157677 -0.355703 -0.0585554 5.65788 0.497875 
0.828955 0.17982 -0.337479 0.08269 6.11787 0.341573 
0.883295 0.147454 -0.415278 -0.0143467 5.72885 0.355097 
0.864038 0.142111 0.166814 -0.1617 5.82893 2.38685 
0.865306 0.111457 -0.89786 -0.327071 5.62379 -1.38188 
0.883179 0.126046 -0.295798 -0.146682 5.3713 0.718929 
0.883182 0.147563 -0.335708 -0.0155481 5.61146 0.570405 
0.884308 0.149136 -0.451539 0.105758 6.15317 0.58565 
0.916584 0.132536 0.0924525 -0.336095 5.81729 2.69942 
0.919583 0.103373 -0.894731 -0.277492 5.85706 -1.08301 
0.902816 0.138708 -0.332698 0.144278 5.86711 0.871034 
0.885921 0.126986 -0.315111 0.183999 5.66324 0.719668 
0.902858 0.115283 -0.374827 0.00240237 5.37279 0.579128 
0.883715 0.109832 0.127696 -0.14375 5.59025 2.39557 
0.885859 0.0794943 -0.917633 -0.199504 5.44359 -1.37673 
0.885805 0.146474 -0.333774 0.301165 5.40785 0.797101 
0.867318 0.115051 -0.355492 0.00777275 5.46466 0.577901 
0.901333 0.0735344 -0.434516 -0.46393 5.38847 0.442057 
0.865071 0.121322 0.129444 -0.178101 5.886 2.54571 
0.867124 0.0900431 -0.879554 -0.241057 5.49573 -1.45827 
0.761308 0.198303 -0.319908 0.638952 6.02507 0.188595 
0.884076 0.125506 -0.315251 -0.0418063 5.30182 0.721907 
0.849592 0.103435 -0.376526 -0.0588368 5.32455 0.432561 
0.831324 0.0983966 0.147562 -0.0947424 5.59962 2.4722 
0.867995 0.0883195 -0.916311 -0.143578 5.17518 -1.22443 
0.707075 0.206905 -0.340092 0.593288 5.91317 0.118935 
0.81398 0.101597 -0.35522 -0.0641492 5.04312 0.659743 
0.814925 0.101383 -0.396169 0.0433829 5.09674 0.438408 
0.849046 0.0861663 0.145743 -0.173294 5.12316 2.32318 
0.833263 0.10822 -0.917789 0.091231 5.19324 -1.37611 
0.885896 0.125706 -0.334635 0.175972 5.41304 0.723765 
0.918766 0.148314 -0.372098 -0.0170026 5.64095 0.800852 
0.918949 0.12839 -0.411511 -0.135623 5.89063 0.732423 
0.953947 0.135105 0.112057 -0.110919 6.2148 2.69186 
0.956026 0.126816 -0.912887 -0.0334549 6.31314 -1.01121 
0.973945 0.141828 -0.3301 0.15022 6.18289 1.09206 
0.957049 0.151815 -0.347983 0.322335 6.21743 1.2457 
0.921644 0.128908 -0.411549 0.191772 6.06032 0.730709 
0.885558 0.111408 0.130056 0.0826854 5.9508 2.6201 
0.889539 0.0372825 -0.895856 -0.0229296 5.30796 -1.07352 
0.81944 0.0828166 -0.315137 0.47082 5.51479 0.803194 
0.869897 0.113443 -0.336502 0.32057 5.13968 0.575377 
0.968779 0.142607 -0.414244 -0.490958 6.59311 -1.61998 
1.01617 0.183499 0.118472 -0.910397 7.46291 -0.802323 
1.03785 0.14142 -0.941399 -0.825036 6.94839 -4.04149 
1.02116 0.156651 -0.345867 -0.524977 7.09334 -2.62087 
1.01925 0.19864 -0.367752 -0.487059 7.21795 -2.92468 
1.01757 0.175668 -0.433489 -0.841401 6.85862 -3.66707 
1.0162 0.160546 0.106262 -1.05005 7.10002 -2.00784 
0.982753 0.127417 -0.958779 -1.11649 6.54484 -5.77318 
0.94633 0.172464 -0.360956 -0.849804 6.42719 -4.12632 
0.927616 0.182155 -0.361676 -0.896098 6.35138 -4.20131 
0.9446 0.170876 -0.440667 -1.07441 6.18317 -4.33939 
0.905644 0.217953 0.118891 -1.11723 6.51275 -2.68756 
0.926501 0.178021 -0.923498 -1.12607 6.44103 -6.15811 
0.907108 0.192927 -0.323488 -1.15214 6.41454 -4.28224 
0.943545 0.192619 -0.362277 -1.05264 6.25318 -4.27804 
0.924944 0.180588 -0.404877 -1.22949 6.05547 -4.64657 
0.924333 0.206982 0.100087 -1.07897 6.33836 -2.60847 
0.941553 0.188167 -0.943445 -1.39222 6.28435 -6.23127 
0.957544 0.246121 -0.341524 -1.16526 6.4058 -4.2116 
0.99313 0.246775 -0.380134 -1.16734 6.43616 -4.20792 
0.991539 0.227075 -0.419439 -1.50046 6.69685 -4.27576 
0.975854 0.24418 0.144272 -1.07903 7.26438 -2.17105 
1.04541 0.212626 -0.920483 -1.58911 6.46132 -5.94052 
0.974374 0.279891 -0.338725 -1.07176 6.85468 -3.991 
0.99138 0.248374 -0.358283 -1.37318 6.69651 -3.98466 
0.990505 0.247961 -0.379848 -1.48343 6.63891 -4.20785 
0.97318 0.242805 0.10551 -1.41117 6.96673 -2.16279 
0.990284 0.221769 -0.921214 -1.73965 6.41891 -6.01316 
0.972439 0.27747 -0.302534 -1.30477 6.24965 -4.22043 
0.93892 0.256754 -0.378575 -1.20435 6.57359 -4.05492 
0.974527 0.234841 -0.420515 -1.34357 6.23759 -4.34969 
0.991753 0.229612 0.103514 -1.38813 6.29854 -2.31128 
0.956449 0.241129 -0.942145 -1.39997 6.36749 -6.16186 
0.921037 0.26634 -0.340673 -1.14431 6.43401 -4.13592 
0.955791 0.245486 -0.380215 -1.38449 6.28886 -4.20446 
0.939884 0.234069 -0.420633 -1.23332 6.25997 -4.34794 
0.95444 0.229603 0.122957 -1.59725 6.40143 -2.31191 
0.921787 0.241118 -0.905685 -1.28561 6.51871 -6.39343 
0.937051 0.253994 -0.398239 -1.43818 5.96197 -4.04858 
0.921013 0.264964 -0.362417 -1.15297 6.18468 -4.35859 
0.957605 0.221935 -0.420232 -1.31125 5.78264 -4.27019 
0.900272 0.216157 0.0823876 -1.77614 6.04453 -2.45081 
0.920858 0.216724 -0.924168 -1.54241 5.71968 -6.23314 
0.886434 0.220627 -0.343011 -1.30708 5.72191 -4.27756 
0.851838 0.220181 -0.364625 -1.19417 5.86741 -4.50012 
0.869563 0.229468 -0.406354 -1.14159 5.6311 -4.79766 
0.851269 0.22315 0.0982105 -1.18552 5.65597 -2.75393 
0.887248 0.173453 -0.926187 -1.58096 5.56073 -6.37753 
0.87037 0.230413 -0.324493 -1.02926 5.69355 -4.35671 
0.869564 0.231798 -0.343591 -1.12756 6.00752 -4.35478 
0.923055 0.200299 -0.423432 -1.32682 5.81109 -4.56854 
0.904695 0.216029 0.101517 -1.23753 6.08097 -2.45557 
0.904956 0.207444 -0.906263 -1.37848 6.06895 -6.38727 
0.905194 0.211358 -0.361567 -1.2575 5.91996 -4.20012 
0.905194 0.211358 -0.361567 -1.2575 5.91996 -4.20012 
0.905216 0.210404 -0.402586 -1.26287 5.79288 -4.42033 
0.905727 0.173627 0.101837 -1.3857 5.89876 -2.37495 
0.888009 0.214872 -0.963194 -1.22242 5.6031 -6.22543 
0.872142 0.230287 -0.322381 -0.814137 5.68166 -4.13054 
0.855404 0.218975 -0.40142 -0.769299 5.71655 -4.26799 
0.907124 0.168319 -0.382921 -1.30142 5.66914 -4.34329 
0.923318 0.227106 0.103098 -1.06605 6.15159 -2.30725 
0.909486 0.205263 -1.02059 -0.850182 5.84289 -6.14316 
0.941586 0.212957 -0.318316 -1.14725 6.01277 -3.75548 
0.957561 0.223843 -0.338193 -1.3005 6.03681 -3.82976 
0.958526 0.222772 -0.417942 -1.19771 5.96248 -4.04455 
0.903778 0.23904 0.12208 -1.20591 6.5177 -2.38686 
0.95741 0.197024 -0.942074 -1.55944 5.81284 -6.0796 
0.885606 0.222966 -0.321089 -1.40001 6.16296 -4.05541 
0.904251 0.233089 -0.360527 -1.23389 6.1065 -4.12731 
0.958368 0.241548 -0.423989 -1.08572 5.58746 -4.64987 
0.868236 0.236575 0.0808722 -1.21393 6.23229 -2.60421 
0.905041 0.184635 -0.963227 -1.51581 5.69512 -6.22319 
0.889194 0.199192 -0.361214 -1.11227 5.64573 -4.12174 
0.869585 0.230941 -0.38239 -1.1323 5.87956 -4.34823 
0.885716 0.19901 -0.423513 -1.54397 5.66379 -4.56508 
0.868301 0.214527 0.0604872 -1.34715 5.98728 -2.67344 
0.886215 0.215952 -0.924287 -1.43217 5.74207 -6.23139 
0.871359 0.211435 -0.282045 -1.03555 6.00567 -3.98418 
0.869563 0.231895 -0.34137 -1.12693 6.00664 -4.12801 
0.923007 0.199973 -0.401936 -1.32948 5.68798 -4.34423 
0.902092 0.216357 0.063004 -1.55836 6.15575 -2.44895 
0.921916 0.197214 -0.942015 -1.55079 6.02696 -6.07837 
0.922918 0.223071 -0.338312 -1.19026 6.0592 -3.82801 
0.884752 0.243405 -0.416924 -1.3826 6.21582 -3.96705 
0.922226 0.202734 -0.39929 -1.41912 6.25127 -4.11964 
1.02747 0.1885 0.0868965 -1.64263 6.21531 -2.00319 
0.975253 0.210766 -0.940067 -1.47824 6.44763 -5.93345 
0.975447 0.21649 -0.315552 -1.34714 6.55368 -3.53264 
0.973767 0.217462 -0.356215 -1.55569 6.81005 -3.7539 
0.958647 0.227034 -0.378646 -1.17035 6.83531 -4.05439 
0.921824 0.210388 0.0835658 -1.37982 7.03491 -2.38083 
0.940655 0.188803 -0.921771 -1.49647 6.35297 -6.00749 
0.922943 0.224351 -0.318788 -1.18223 6.3094 -3.83211 
0.922204 0.203688 -0.358271 -1.41375 6.37836 -3.89942 
0.905515 0.214316 -0.496496 -1.2345 6.77565 -4.18295 
0.921728 0.207406 0.0637939 -1.39916 6.41228 -2.37509 
0.941481 0.18656 -0.941473 -1.40291 5.91104 -6.00286 
0.888321 0.222722 -0.357706 -1.07673 6.20383 -3.82381 
0.888457 0.180763 -0.340153 -1.3304 6.09198 -3.97293 
0.870643 0.211431 -0.400237 -1.14068 6.18683 -4.19346 
0.870325 0.174663 0.0633449 -1.37047 6.35735 -2.36882 
0.870556 0.143377 -0.921829 -1.64995 5.85411 -5.92113 
0.889126 0.199723 -0.300919 -1.11019 5.65057 -3.90398 
0.872368 0.189269 -0.341159 -1.06061 5.81342 -4.04799 
0.889308 0.199084 -0.440784 -1.11107 5.76312 -4.33705 
0.852533 0.185094 0.0626951 -1.30386 6.46225 -2.44492 
0.923824 0.155129 -0.922349 -1.58934 5.90322 -6.00132 
0.90782 0.212503 -0.29909 -0.927387 6.09363 -3.75731 
0.888412 0.201954 -0.358567 -1.20192 6.20902 -3.89715 
0.888546 0.179374 -0.439247 -1.33722 5.95917 -4.18414 
0.889754 0.184258 0.0818034 -1.10131 6.11488 -2.4492 
0.87143 0.14146 -0.963027 -1.55373 5.5353 -6.14082 
0.820672 0.197978 -0.264755 -0.783992 5.63245 -4.13327 
0.80218 0.164515 -0.342576 -1.08952 5.31024 -4.11506 
0.804 0.164618 -0.36418 -0.872372 5.42234 -4.33997 
0.836483 0.148659 0.0594705 -1.30708 5.4492 -2.66336 
0.838425 0.160715 -0.945337 -1.10771 5.42011 -6.29554 
0.837679 0.188075 -0.322002 -0.953646 5.71357 -4.04869 
0.835908 0.209814 -0.361804 -1.037 5.96474 -4.19662 
0.890093 0.220169 -0.420577 -0.87626 5.8164 -4.26729 
0.889912 0.163055 0.0228673 -1.22796 6.11435 -2.51353 
0.890956 0.154038 -0.924796 -1.26523 5.91546 -6.22693 
0.90784 0.190032 -0.300199 -1.06389 5.72639 -3.829 
0.924235 0.204095 0.0825353 -1.09768 5.71486 -2.37597 
0.907281 0.188013 -0.58 -1.17856 5.77078 -4.69402 
0.890273 0.198013 -0.520533 -1.00828 5.68879 -4.55183 
0.83602 0.188189 -0.401465 -1.16694 5.84198 -4.2634 
0.874525 0.203767 -0.825233 -0.74954 5.38688 -5.94246 
0.87196 0.192456 0.0206106 -1.0481 5.84249 -2.74142 
0.871763 0.186827 -0.601684 -1.17856 5.73557 -4.91546 
0.870682 0.207387 -0.540598 -1.16419 5.55451 -4.62324 
0.890111 0.197795 -0.419467 -1.01213 5.44829 -4.11221 
0.854083 0.214104 -0.845121 -1.00704 5.44432 -6.0144 
0.871891 0.21227 -0.0195475 -0.928277 5.71021 -2.8883 
0.852958 0.195673 -0.563853 -1.23143 5.41527 -4.99535 
0.853766 0.196522 -0.484212 -1.11973 5.47859 -4.78116 
0.798527 0.229524 -0.384739 -1.12693 5.93622 -4.5709 
0.800708 0.245398 -0.84707 -0.807213 5.75901 -6.2427 
0.853156 0.222819 0.018532 -0.969829 5.76235 -2.96983 
0.852107 0.196636 -0.563675 -1.33302 5.607 -4.99588 
0.853677 0.217194 -0.485571 -0.995163 5.47426 -4.93459 
0.835747 0.228784 -0.363411 -0.923754 5.58798 -4.34841 
0.853026 0.233613 -0.827274 -0.998667 5.13705 -6.16916 
0.835294 0.231548 0.0176342 -0.914533 5.49481 -3.04429 
0.851141 0.216991 -0.584379 -1.31807 5.5442 -5.14573 
0.851968 0.195465 -0.503628 -1.34224 5.2394 -4.77647 
0.818877 0.218342 -0.326301 -0.876006 5.6343 -4.50387 
0.872591 0.222959 -0.826732 -0.850783 5.02114 -6.09365 
0.817502 0.241979 0.0169844 -0.847923 5.59971 -3.12039 
0.834381 0.185019 -0.58471 -1.39963 5.46689 -5.14122 
0.835994 0.184482 -0.485972 -1.18962 5.21624 -4.92896 
0.782483 0.216839 -0.367331 -0.985623 5.54062 -4.72174 
0.800611 0.220802 -0.829152 -0.958316 4.89709 -6.3152 
0.800671 0.208305 0.016406 -0.940791 5.14996 -3.11423 
0.81746 0.172017 -0.586647 -1.36793 5.01282 -5.28848 
0.781715 0.192662 -0.48688 -1.23857 4.9821 -5.00107 
0.799353 0.205667 -0.366751 -1.16514 5.25501 -4.64452 
0.853965 0.190365 -0.788404 -1.1534 4.71036 -6.09345 
0.836236 0.209817 0.0165948 -0.938135 5.30828 -3.1171 
0.851992 0.216028 -0.584558 -1.21648 5.35248 -5.14521 
0.8368 0.204711 -0.504564 -0.959552 5.14156 -4.85264 
0.782509 0.239732 -0.385497 -0.845833 6.0301 -4.64759 
0.836337 0.203344 -0.827356 -1.06891 5.43217 -6.16629 
0.871799 0.211425 0.0190037 -0.934849 5.46573 -2.8932 
0.869855 0.207299 -0.58366 -1.27178 5.62002 -5.07075 
0.836828 0.227508 -0.52495 -0.820391 5.63191 -5.00526 
0.870591 0.187258 -0.401594 -1.2885 5.44715 -4.26351 
0.836154 0.223267 -0.787944 -0.950289 5.1825 -6.09786 
0.817591 0.221307 0.0183432 -0.972486 5.60403 -2.96696 
0.8353 0.164242 -0.54473 -1.41786 5.40744 -4.99381 
0.83604 0.184905 -0.505247 -1.18633 5.33848 -4.9265 
0.799351 0.205764 -0.364531 -1.16451 5.25414 -4.41775 
0.801377 0.264358 -0.807836 -0.587002 5.31761 -6.17375 
0.816694 0.221847 0.0377969 -1.07736 5.67352 -2.96994 
0.833555 0.187262 -0.565008 -1.49319 5.90881 -5.14584 
0.852824 0.218253 -0.483173 -1.09612 5.66512 -4.70835 
0.870571 0.188115 -0.362795 -1.28376 5.57511 -4.27006 
0.8362 0.22369 -0.807219 -0.947003 5.30474 -6.09541 
0.798858 0.25347 0.0187328 -0.882274 5.89546 -2.97025 
0.834404 0.186396 -0.562966 -1.39097 5.71622 -4.91855 
0.852778 0.21783 -0.463898 -1.09941 5.54288 -4.7108 
0.834066 0.229852 -0.401854 -1.13168 5.84348 -4.3429 
0.836109 0.244458 -0.806358 -0.821811 5.29954 -6.02207 
0.815797 0.222387 0.0572505 -1.18224 5.743 -2.97292 
0.83429 0.205787 -0.583848 -1.27443 5.4617 -5.06788 
0.816359 0.215047 -0.524451 -1.21705 5.199 -4.92458 
0.816156 0.216544 -0.345787 -1.21143 5.21441 -4.49806 
0.783739 0.210456 -0.789822 -0.909938 4.94254 -6.2439 
0.781911 0.217574 0.0349618 -0.99037 4.9519 -3.19167 
0.764011 0.180092 -0.548934 -1.31055 4.71491 -5.36662 
0.783398 0.191498 -0.450657 -1.03128 4.72748 -5.23334 
0.76464 0.203097 -0.369338 -1.06683 4.90583 -4.86789 
0.74721 0.229202 -0.812935 -0.898279 4.72229 -6.61766 
0.798896 0.186914 0.0542039 -1.28705 4.92168 -3.19188 
0.763097 0.22462 -0.568281 -1.14779 5.3918 -5.44643 
0.816358 0.193434 -0.486762 -1.34882 4.95971 -5.00282 
0.779787 0.216322 -0.367293 -1.31302 5.37092 -4.72003 
0.7639 0.240188 -0.7124 -0.945773 4.56429 -6.25589 
0.797911 0.22974 0.0346089 -1.1356 5.22613 -3.27004 
0.761459 0.204593 -0.58609 -1.48356 5.52937 -5.28996 
0.781651 0.214614 -0.468715 -1.10598 5.22798 -5.1586 
0.797488 0.226658 -0.365782 -1.25444 5.26083 -4.57059 
0.799577 0.241687 -0.789562 -0.941286 4.83914 -6.2473 
0.761494 0.229191 0.0345981 -1.23984 5.25954 -3.2677 
0.781048 0.173605 -0.528335 -1.45941 5.42437 -5.29679 
0.763923 0.18148 -0.44984 -1.30373 4.84771 -5.15541 
0.746062 0.192539 -0.387975 -1.2344 4.95658 -4.78699 
0.747163 0.228876 -0.791439 -0.900935 4.59918 -6.39334 
0.729496 0.204763 0.0330839 -0.95002 4.71194 -3.33771 
0.764059 0.180418 -0.57043 -1.30789 4.83802 -5.59094 
0.800269 0.20194 -0.487767 -1.07903 4.68116 -5.07787 
0.762129 0.184986 -0.34595 -1.49882 5.36222 -4.49172 
0.801465 0.222073 -0.768787 -0.843329 5.08264 -6.09856 
0.815884 0.199482 -0.00193382 -1.3202 5.37004 -3.0356 
0.817531 0.17372 -0.586399 -1.35662 5.38525 -5.29013 
0.818938 0.213439 -0.505462 -0.904256 4.87402 -4.9271 
0.78165 0.195427 -0.366042 -1.22309 5.36423 -4.56719 
0.767675 0.220242 -0.771304 -0.632122 4.91418 -6.32305 
0.747359 0.196034 0.0339818 -1.00532 4.97948 -3.26325 
0.728565 0.180609 -0.570371 -1.29924 5.05213 -5.58971 
0.762057 0.180857 -0.411181 -1.52479 4.61424 -5.15972 
0.711349 0.189968 -0.390562 -1.1361 4.6074 -5.01036 
0.714358 0.18422 -0.774361 -0.841179 4.12626 -6.53967 
0.747262 0.171438 0.0518998 -1.15642 4.11756 -3.33575 
0.747182 0.167935 -0.589423 -1.27228 4.50531 -5.50899 
0.746911 0.189246 -0.450916 -1.14684 4.38844 -5.22935 
0.764704 0.181145 -0.387503 -1.19942 4.65996 -4.71036 
0.766682 0.217799 -0.771622 -0.756337 4.36103 -6.32029 
0.766002 0.18464 0.0344534 -0.970336 4.68286 -3.18662 
0.746423 0.169743 -0.627796 -1.3673 4.94152 -5.5046 
0.747094 0.169323 -0.490328 -1.26546 4.63812 -5.29778 
0.746913 0.191576 -0.388153 -1.13281 4.76485 -4.78646 
0.766727 0.196609 -0.753208 -0.884816 4.24398 -6.39608 
0.746391 0.194871 0.0531873 -1.1215 4.67653 -3.26458 
0.764033 0.179138 -0.589954 -1.31592 4.58782 -5.58684 
0.746957 0.189669 -0.470192 -1.14355 4.51068 -5.22689 
0.711329 0.212439 -0.389452 -0.999592 4.97465 -4.93867 
0.765828 0.197245 -0.731534 -0.989062 4.3126 -6.17229 
0.748235 0.196351 0.0533274 -0.8957 5.03795 -3.26682 
0.799668 0.182448 -0.587297 -1.30132 5.11771 -5.36459 
0.79937 0.202576 -0.466094 -1.18327 4.74977 -4.85408 
0.800179 0.203425 -0.386453 -1.07157 4.81309 -4.6399 
0.784543 0.209167 -0.768504 -0.811004 4.6277 -6.01907 
0.782853 0.195843 0.0339224 -1.01397 4.76537 -3.26448 
0.801597 0.139506 -0.606431 -1.34461 4.86602 -5.28099 
0.766477 0.200206 -0.488064 -0.867191 4.51182 -5.0756 
0.746913 0.191576 -0.388153 -1.13281 4.76485 -4.78646 
0.766815 0.176033 -0.749629 -1.00875 4.24743 -6.01588 
0.746392 0.216485 0.0154974 -0.989741 4.91582 -3.18634 
0.782862 0.150054 -0.568351 -1.38616 4.91816 -5.36252 
0.801995 0.201391 -0.46638 -0.867191 4.54703 -4.85415 
0.832978 0.20262 -0.388695 -1.40825 4.43015 -4.86617 
0.784408 0.229416 -0.750587 -0.689728 4.50114 -6.17495 
0.782787 0.217891 0.0543074 -0.880754 5.01037 -3.19524 
0.799668 0.182448 -0.587297 -1.30132 5.11771 -5.36459 
0.798519 0.203539 -0.465916 -1.28486 4.9415 -4.85461 
0.800204 0.204705 -0.366929 -1.06355 5.06328 -4.64399 
0.801212 0.240293 -0.729623 -0.736021 4.46053 -6.02849 
0.745405 0.237697 0.0335922 -0.970054 4.98098 -3.34275 
0.781896 0.170409 -0.589056 -1.37122 4.85536 -5.51238 
0.765626 0.201168 -0.487886 -0.968781 4.70354 -5.07612 
0.763807 0.181685 -0.36805 -1.3043 4.72944 -4.71334 
0.801275 0.196728 -0.710098 -1.00037 3.97537 -5.9492 
0.745425 0.215226 0.0324828 -1.10656 4.61374 -3.41444 
0.745254 0.210878 -0.570289 -1.229 4.75701 -5.59258 
0.767419 0.178475 -0.489104 -0.890793 4.32528 -5.14841 
0.729075 0.201585 -0.369527 -1.06949 4.74751 -4.86502 
0.747114 0.206936 -0.732254 -1.03536 4.23678 -6.24727 
0.746346 0.216062 0.034773 -0.993027 4.79358 -3.1888 
0.799597 0.180746 -0.587545 -1.31263 4.74527 -5.36294 
0.800202 0.202375 -0.429692 -1.07757 4.68687 -5.08688 
0.780659 0.214502 -0.40627 -1.21617 5.05124 -4.71295 
0.78266 0.230919 -0.730956 -0.896194 4.76235 -6.17845 
0.781058 0.218633 0.0373599 -1.09133 5.14275 -2.96542 
0.781942 0.170832 -0.608331 -1.36793 4.9776 -5.50993 
0.764729 0.201708 -0.468432 -1.07366 4.77303 -5.0791 
0.728133 0.223316 -0.368488 -1.04589 4.93404 -4.79221 
0.729277 0.216945 -0.713628 -0.972032 4.21944 -6.32583 
0.709885 0.214994 0.0518177 -1.10119 4.70561 -3.41567 
0.730267 0.178683 -0.570727 -1.09606 4.66868 -5.58866 
0.730062 0.19956 -0.490295 -0.972067 4.54609 -5.30002 
0.693602 0.200919 -0.408267 -1.06557 4.83367 -4.85724 
0.711485 0.227377 -0.714278 -0.905422 4.32433 -6.40193 
0.764137 0.184017 0.0731126 -1.1914 4.44939 -3.19094 
0.746333 0.168801 -0.591465 -1.3745 4.69791 -5.73628 
0.746866 0.210437 -0.46933 -1.01836 4.50549 -5.15356 
0.745972 0.213211 -0.389334 -1.10984 4.95226 -4.94042 
0.765536 0.260311 -0.692371 -0.609374 4.42584 -6.1856 
0.780139 0.2177 0.0328497 -1.20549 4.96379 -3.41784 
0.817482 0.171063 -0.627666 -1.3733 4.88573 -5.5087 
0.802089 0.223754 -0.544841 -0.729484 5.03167 -4.99777 
0.744252 0.259124 -0.427778 -1.04538 5.94311 -5.0183 
0.799398 0.263844 -0.689606 -0.809268 4.96675 -5.96276 
0.77922 0.240808 0.0556328 -1.17323 5.39965 -3.12236 
0.796908 0.203883 -0.569094 -1.49613 5.19389 -5.5204 
0.799415 0.181385 -0.447679 -1.31175 4.63272 -4.92987 
0.762867 0.203319 -0.36923 -1.28132 4.91685 -4.86729 
0.746937 0.25061 -0.672208 -0.772203 4.60455 -6.11125 
0.709865 0.237465 0.0529271 -0.964684 5.07285 -3.34398 
0.76594 0.178046 -0.706211 -1.10434 4.56537 -5.56943 
0.763046 0.181163 -0.469186 -1.41334 4.78924 -5.15184 
0.744242 0.192339 -0.368591 -1.45218 4.84536 -4.78885 
0.729166 0.260184 -0.711657 -0.710335 4.58149 -6.1808 
0.744483 0.236957 0.0335222 -1.08296 4.80027 -3.34163 
0.763273 0.159332 -0.590637 -1.5427 4.78474 -5.6607 
0.727372 0.222794 -0.469624 -1.15493 4.99384 -5.23071 
0.745139 0.191799 -0.388045 -1.3473 4.77587 -4.78587 
0.730153 0.217262 -0.694282 -0.862415 4.27791 -6.3294 
0.708988 0.215534 0.0712714 -1.20606 4.7751 -3.41865 
0.70902 0.190405 -0.609712 -1.45186 5.04009 -5.65867 
0.711417 0.189437 -0.450857 -1.13818 4.60256 -5.22812 
0.710361 0.211277 -0.370247 -1.11578 4.67169 -4.94 
0.712223 0.248136 -0.672575 -0.673269 4.2545 -6.10786 
0.709864 0.215852 0.090617 -1.09645 4.83357 -3.42222 
0.763181 0.180197 -0.587556 -1.41688 4.77868 -5.3606 
0.765514 0.222794 -0.448226 -0.838848 4.82631 -5.00934 
0.763697 0.224924 -0.366079 -1.0426 5.09149 -4.56831 
0.765695 0.241438 -0.688544 -0.721994 4.80173 -5.80705 
0.817384 0.23995 0.0382319 -0.861892 5.10416 -2.89444 
0.81744 0.194488 -0.585538 -1.23143 5.38006 -5.21679 
0.887349 0.195286 -0.426337 -1.35273 4.90877 -4.78915 
0.816227 0.218247 -0.345539 -1.20012 5.58684 -4.4997 
0.817122 0.275557 -0.666351 -0.742029 5.10598 -5.59065 
0.814784 0.242416 0.0580417 -1.16995 5.5571 -2.89846 
0.851206 0.194942 -0.604764 -1.45129 5.2992 -5.21497 
0.851856 0.21709 -0.463968 -1.21231 5.36217 -4.70969 
0.816203 0.238581 -0.402752 -1.07638 5.57593 -4.41736 
0.799401 0.266078 -0.629063 -0.795871 5.34403 -5.74664 
0.832597 0.231127 0.0198921 -1.2413 5.32424 -2.81581 
0.81385 0.216028 -0.605956 -1.53256 5.52001 -5.36658 
0.799355 0.227185 -0.406661 -1.034 5.49517 -4.79304 
0.816177 0.215687 -0.384586 -1.21617 5.08645 -4.49151 
0.746961 0.251987 -0.650465 -0.763547 4.85387 -5.88858 
0.761422 0.227585 0.03657 -1.25053 4.88623 -3.03929 
0.780032 0.1914 -0.588087 -1.46052 4.86119 -5.43845 
0.780656 0.212268 -0.466814 -1.22957 4.67396 -4.92907 
0.780659 0.214502 -0.40627 -1.21617 5.05124 -4.71295 
0.764727 0.240275 -0.669339 -0.838183 4.49878 -5.80838 
0.762209 0.248574 0.0545569 -1.01635 4.94038 -3.19629 
0.762311 0.203534 -0.588488 -1.3826 5.33852 -5.5162 
0.762891 0.223883 -0.45016 -1.15556 5.02992 -5.23603 
0.780548 0.236127 -0.36661 -1.08624 5.174 -4.64617 
0.763901 0.242518 -0.649637 -0.931746 4.9407 -5.81301 
0.797908 0.208223 0.0745188 -1.26673 4.98598 -3.12152 
0.780328 0.152181 -0.604396 -1.69504 5.36451 -5.13078 
0.778888 0.236241 -0.446072 -1.29953 5.30241 -4.86088 
0.796612 0.226341 -0.385128 -1.36405 5.20236 -4.56701 
0.816986 0.274193 -0.610745 -0.752516 4.74013 -5.82478 
0.742715 0.26093 0.0542633 -1.15292 5.42873 -3.27344 
0.795941 0.224334 -0.587578 -1.48055 5.13023 -5.44349 
0.780616 0.235596 -0.426905 -1.08832 5.16916 -4.86393 
0.77882 0.236772 -0.385777 -1.29744 5.30726 -4.64312 
0.799239 0.285143 -0.62845 -0.681991 4.9664 -5.67166 
0.813863 0.241579 0.0557516 -1.28348 5.37726 -3.12411 
0.848492 0.2168 -0.605837 -1.64281 5.49762 -5.36833 
0.831282 0.24991 -0.405395 -1.33514 5.67033 -4.72139 
0.883647 0.240878 -0.342112 -1.50928 5.54702 -4.20251 
0.833056 0.309771 -0.646319 -0.754037 5.62522 -5.59979 
0.849476 0.245844 0.0994279 -1.26351 6.03423 -2.68164 
0.902613 0.251533 -0.581462 -1.33482 5.9707 -4.92688 
0.901646 0.231087 -0.461804 -1.56875 5.80487 -4.56357 
0.901512 0.253666 -0.381124 -1.43344 6.05472 -4.27657 
0.904318 0.271125 -0.621728 -1.00051 5.8274 -5.07435 
0.901776 0.278047 0.0804233 -1.18733 6.01967 -2.68493 
0.935776 0.211075 -0.658089 -1.90748 6.08536 -4.83648 
0.920248 0.243021 -0.421423 -1.39252 6.00345 -4.4218 
0.919305 0.264848 -0.418164 -1.36829 6.18911 -4.12223 
0.885583 0.281673 -0.583649 -1.04206 5.87954 -5.15589 
0.919683 0.269837 0.0642656 -1.23871 6.40858 -2.38125 
0.97484 0.211815 -0.63662 -1.4785 6.09854 -4.61623 
0.973559 0.255388 -0.436779 -1.32736 6.17305 -4.04602 
0.990207 0.308986 -0.396788 -1.11588 6.37313 -3.98375 
0.956731 0.284032 -0.61763 -1.04023 6.06649 -4.70155 
0.974858 0.261214 0.0479407 -1.08425 6.57236 -2.0794 
0.955209 0.244517 -0.616777 -1.49316 6.45946 -4.6225 
0.797433 0.337105 -0.442274 -0.582653 6.84288 -4.65256 
0.903374 0.232868 -0.377653 -1.34288 6.04715 -3.89697 
0.837455 0.28908 -0.54626 -0.341198 5.54859 -5.23581 
0.814782 0.220899 0.0979516 -1.30108 5.31694 -2.74994 
0.781019 0.170188 -0.606181 -1.4802 4.79602 -5.28204 
0.729071 0.199448 -0.42785 -1.08226 4.36935 -4.85437 
0.710244 0.209151 -0.351219 -1.13038 4.17702 -4.94081 
0.677506 0.202531 -0.595342 -0.837234 3.425 -6.03418 
0.641424 0.167981 0.107258 -1.05066 3.82989 -3.56403 
0.659155 0.150859 -0.634977 -1.2519 3.60838 -6.0975 
0.677505 0.16173 -0.454979 -1.08611 3.32197 -5.52101 
0.549462 0.216335 -0.378134 -1.16328 4.33764 -5.68545 
0.624982 0.232863 -0.597469 -0.535816 3.54797 -6.26196 
0.641401 0.188218 0.0478246 -0.927553 3.81985 -3.70846 
0.692048 0.15323 -0.613007 -1.56798 3.84633 -5.87598 
0.67486 0.185386 -0.453584 -1.26568 3.89196 -5.44925 
0.712129 0.187303 -0.390988 -1.04582 4.04324 -5.00819 
0.69526 0.236945 -0.594694 -0.631464 4.05547 -6.04146 
0.764943 0.204246 0.0545202 -0.961332 4.37471 -3.11462 
0.782657 0.211828 -0.626063 -1.01267 4.89773 -5.36028 
0.889186 0.194821 -0.48008 -1.13843 4.89029 -4.32721 
0.869513 0.229335 -0.380418 -1.14299 5.50625 -4.11982 
0.906895 0.269613 -0.600519 -0.687079 5.50155 -4.85011 
0.94008 0.280691 0.0657388 -0.852729 6.46819 -2.23353 
0.95786 0.266225 -0.635229 -1.03729 6.7462 -4.54843 
0.940697 0.299662 -0.456283 -0.726959 7.04202 -4.12579 
1.0286 0.269344 -0.372424 -1.03761 6.58668 -3.45716 
0.940737 0.295617 -0.596644 -0.750468 6.4097 -4.55557 
0.940123 0.259597 0.0863731 -0.980578 6.35027 -2.08255 
0.903646 0.230743 -0.618833 -1.35122 6.02777 -4.76802 
0.889235 0.197477 -0.438812 -1.12175 5.38982 -4.10864 
0.781604 0.216714 -0.382237 -1.09398 5.4804 -4.26464 
0.766411 0.241537 -0.568132 -0.616235 4.6197 -5.371 
0.745427 0.217556 0.095246 -1.09253 4.99015 -2.97156 
0.764169 0.158889 -0.607871 -1.4372 4.71439 -5.43095 
0.746979 0.191142 -0.446228 -1.13427 4.75914 -4.77746 
0.762818 0.20309 -0.345515 -1.28335 4.79286 -4.41622 
0.765487 0.240894 -0.565982 -0.728508 4.43811 -5.14312 
0.781862 0.217344 0.0586775 -0.992397 4.82792 -2.74059 
0.780974 0.191379 -0.624596 -1.35173 4.91307 -5.20625 
0.820752 0.192315 -0.480495 -0.816352 4.74334 -4.32319 
0.817948 0.215657 -0.380254 -1.00042 5.07369 -4.03857 
0.802804 0.26475 -0.562572 -0.374224 4.95179 -4.84812 
0.782834 0.242354 0.0623252 -0.731047 5.74744 -2.44489 
0.853158 0.175086 -0.637625 -1.35353 5.53525 -4.6037 
0.890962 0.218542 -0.455115 -0.77815 5.49497 -3.80668 
0.853698 0.221189 -0.394404 -0.97059 6.09739 -3.58874 
0.909678 0.249651 -0.594758 -0.482986 5.67382 -4.24486 
0.925019 0.246987 0.0694924 -0.729845 6.00568 -1.77443 
0.960636 0.200899 -0.612411 -1.10949 6.06175 -4.08901 
0.926597 0.221853 -0.452458 -0.763552 6.02486 -3.58443 
0.925723 0.202156 -0.37357 -0.991535 6.10439 -3.44298 
0.875035 0.24888 -0.594876 -0.372739 5.69621 -4.24311 
0.907382 0.193085 0.0875064 -1.05278 5.63061 -1.84458 
0.854124 0.154731 -0.61692 -1.36847 5.59804 -4.45384 
0.856344 0.197437 -0.39802 -0.791642 5.52827 -3.88727 
0.836731 0.207765 -0.377066 -0.942181 5.52107 -3.73847 
0.856365 0.215767 -0.539492 -0.679275 5.26406 -4.47213 
0.854858 0.223417 0.0853791 -0.751363 5.75357 -2.07237 
0.872794 0.166134 -0.636835 -1.19433 5.79177 -4.52983 
0.892019 0.177419 -0.435271 -0.918288 5.56296 -3.73016 
0.857309 0.177082 -0.377315 -0.806587 5.59107 -3.73741 
0.804873 0.203695 -0.5413 -0.526022 5.20481 -4.61929 
0.839775 0.18824 0.065169 -0.637764 5.0426 -2.0627 
0.821251 0.12989 -0.64 -1.1889 4.99284 -4.74704 
0.768521 0.140297 -0.421333 -1.01236 4.89018 -4.17302 
0.714291 0.151133 -0.380974 -1.04462 5.15557 -4.02656 
0.734661 0.177565 -0.564461 -0.563593 4.45231 -4.90903 
0.751821 0.175101 0.080406 -0.592673 4.89539 -2.43674 
0.751946 0.129107 -0.603658 -0.964292 5.16645 -4.97686 
0.752477 0.149226 -0.441614 -0.739283 4.73386 -4.24562 
0.716022 0.171909 -0.403936 -0.702913 5.26334 -4.4049 
0.718669 0.188957 -0.547915 -0.275094 4.79726 -5.21659 
0.788421 0.134017 0.0764741 -0.739441 4.87325 -2.81252 
0.823052 0.130754 -0.625025 -0.967636 5.23377 -5.20527 
0.824584 0.15526 -0.408779 -0.606904 5.73423 -4.94097 
0.892238 0.138722 -0.372467 -1.15166 6.20693 -5.25217 
0.893918 0.197931 -0.5704 -0.575869 5.9156 -5.68195 
0.892501 0.184812 0.0536098 -0.773149 6.4103 -3.35552 
0.925316 0.181157 -0.632945 -1.22038 6.66134 -6.20366 
0.909764 0.233533 -0.451274 -0.581052 6.56764 -5.47987 
0.905415 0.215888 -0.374143 -1.22734 7.0425 -5.56565 
0.944742 0.169332 -0.572357 -1.08173 6.17783 -5.90874 
0.887925 0.227564 0.0512862 -1.0546 6.61541 -3.66172 
0.958139 0.181825 -0.611223 -1.54778 6.52685 -5.9805 
0.941844 0.192021 -0.429124 -1.2711 6.26196 -5.1755 
0.904466 0.213964 -0.391516 -1.34764 6.61072 -5.33366 
0.923874 0.262983 -0.535164 -0.838263 6.22196 -6.14987 
0.902931 0.237287 0.0506151 -1.32404 6.3365 -3.73733 
0.904758 0.189369 -0.633805 -1.49248 6.2241 -6.2764 
0.939078 0.189705 -0.431554 -1.61044 5.7207 -5.39891 
0.834054 0.251744 -0.414065 -0.998949 6.21595 -5.63181 
0.816327 0.237797 -0.497863 -1.07959 5.69943 -6.22003 
0.795433 0.212331 0.0642009 -1.56334 5.93795 -4.25857 
0.851397 0.174441 -0.657497 -1.57369 5.5541 -6.64399 
0.777153 0.239303 -0.381438 -1.49701 5.94701 -6.23562 
0.797613 0.206592 -0.36044 -1.37538 5.52145 -6.00861 
0.851593 0.276294 -0.541907 -0.855801 4.97715 -6.74669 
0.814836 0.220743 0.0653558 -1.30158 5.44441 -4.10808 
0.796021 0.247072 -0.63834 -1.34126 5.74718 -6.72749 
0.851864 0.216512 -0.477288 -1.21609 5.3674 -6.07028 
0.833243 0.207765 -0.416106 -1.37355 5.67319 -5.77571 
0.815226 0.278401 -0.500651 -0.943364 5.51007 -6.52577 
0.831621 0.253994 0.0852098 -1.21199 5.77192 -4.11669 
0.86717 0.227721 -0.636852 -1.47182 5.69571 -6.57815 
0.865167 0.228257 -0.475383 -1.68808 5.47106 -5.92018 
0.901402 0.251059 -0.373197 -1.45119 5.5644 -5.41121 
0.797524 0.289774 -0.537631 -0.869553 5.85858 -6.3702 
0.847686 0.244208 0.0666919 -1.48981 5.80028 -4.03754 
0.866409 0.207915 -0.637535 -1.6986 5.89263 -6.65201 
0.811932 0.219729 -0.401456 -1.72916 6.05205 -6.30826 
0.829541 0.250931 -0.396864 -1.54475 5.9359 -5.85872 
0.849036 0.257761 -0.499243 -1.29108 5.3113 -6.37297 
0.812101 0.243458 0.103082 -1.48836 5.77078 -4.26799 
0.810293 0.238269 -0.620171 -1.82945 5.91538 -6.88106 
0.864969 0.270362 -0.441521 -1.43485 5.59125 -6.46036 
0.847468 0.19854 -0.378661 -1.86503 5.71915 -5.93174 
0.812576 0.278307 -0.519888 -1.26747 5.46262 -6.52161 
0.812167 0.221409 0.0826973 -1.62157 5.52578 -4.33723 
0.794359 0.204055 -0.640203 -1.81745 5.39614 -6.87192 
0.794759 0.246561 -0.401919 -1.45839 5.21515 -6.30721 
0.794782 0.226324 -0.342485 -1.5815 5.22519 -6.16278 
0.76016 0.243882 -0.484076 -1.35889 4.98337 -6.74589 
0.777318 0.239184 0.100247 -1.40136 5.04917 -4.48972 
0.759671 0.202765 -0.623266 -1.71111 5.29716 -7.09939 
