-0.0185917 -0.0578193 -0.644874 -0.549047 -0.0449169 -2.46658 
-0.0171662 -0.00969405 0.256546 0.0474298 -0.183624 0.492915 
-0.0352901 -0.0422994 -0.0426826 -0.247099 0.0974167 -0.365659 
-0.000674789 -0.0643248 -0.0221776 -0.496506 -0.415327 -0.214788 
0.0179275 -0.0523906 0.0182028 -0.32028 -0.216749 -0.0730209 
0.0196622 -0.0794448 -0.663136 -0.362897 -0.33521 -2.31199 
-0.0179967 -0.00958878 0.217925 -0.058901 -0.119855 0.498941 
-0.000784091 -0.021182 -0.022427 -0.235439 -0.0524056 -0.296528 
0.0189614 -0.0732763 -0.0213877 -0.33731 -0.1588 -0.140925 
0.0713027 -0.0836849 0.0201519 -0.520108 -0.531436 0.155286 
-0.0159213 -0.058582 -0.664436 -0.229678 -0.125418 -2.4642 
0.000601279 0.000208087 0.199982 0.104558 -0.299431 0.651356 
-0.00154882 -0.043125 -0.0814332 -0.474988 -0.233639 -0.35974 
-4.58851e-005 -0.000422619 0.0192756 -0.00328596 -0.12224 -0.00245335 
0.017075 -0.0513316 0.0206009 -0.42124 -0.0258933 0.15322 
-0.0151817 -0.0379189 -0.624953 0.00184489 -0.194382 -2.39689 
-0.0348226 -0.0195119 0.23798 -0.00723727 0.0478344 0.572696 
-0.018484 -0.00990536 -0.0616279 -0.162258 0.296971 -0.367724 
0.0357206 -0.0629184 0.0166324 -0.387519 -0.320773 -0.223684 
0.000181714 -0.0415366 -0.00172255 -0.250384 0.0103878 -0.14667 
0.0206294 -0.0998957 -0.644652 -0.378472 -0.271546 -2.3889 
-0.000204933 -0.0200202 0.218575 -0.12551 -0.224751 0.575043 
-0.0185299 -0.010328 -0.0423523 -0.165543 0.174731 -0.370177 
0.0189614 -0.0732763 -0.0213877 -0.33731 -0.1588 -0.140925 
0.0524313 -0.0527904 0.0783683 -0.439754 -0.606729 0.144634 
0.000973379 -0.0684734 -0.644333 -0.401163 -0.160828 -2.39107 
-0.0347767 -0.0190893 0.218704 -0.00395131 0.170075 0.57515 
-0.034685 0.0202264 -0.0229731 0.237465 0.141177 -0.375993 
0.000181714 -0.0415366 -0.00172255 -0.250384 0.0103878 -0.14667 
0.0178618 -0.0303423 0.0385878 -0.187061 0.0282549 -0.00378322 
9.7049e-005 -0.0687907 -0.663678 -0.51078 -0.219299 -2.3875 
0.000692137 -0.0205602 0.199121 -0.0206343 -0.294237 0.578021 
0.0170076 -0.0316134 -0.0217773 -0.302048 -0.157302 -0.220426 
0.000135829 -0.0419592 0.017553 -0.25367 -0.111853 -0.149123 
0.0357444 -0.0615421 0.0383762 -0.378862 -0.0714472 -0.00101577 
0.0373423 -0.0682505 -0.622826 -0.299573 -0.317343 -2.1691 
-0.000316531 0.00160546 0.258235 0.00442262 -0.101988 0.641828 
-0.0532622 0.00957222 -0.0438298 0.0692653 0.192796 -0.521857 
-0.0167588 -0.0320678 -0.00255034 -0.082185 -0.0764427 -0.222248 
0.0525689 -0.0515225 0.0205415 -0.429896 -0.240008 0.151994 
0.0373437 -0.0683469 -0.625046 -0.300203 -0.316472 -2.39587 
-0.0535801 0.011274 0.216626 0.0743177 0.089937 0.346736 
-0.0335868 -0.0226111 -0.0807286 0.0878456 -0.0467496 -0.286368 
0.000135829 -0.0419592 0.017553 -0.25367 -0.111853 -0.149123 
0.0524327 -0.0528868 0.0761482 -0.440384 -0.605858 -0.0821313 
7.63089e-005 -0.0679334 -0.624879 -0.506039 -0.0913421 -2.39405 
0.0184181 -0.00894335 0.220156 0.0459752 -0.15413 0.723362 
0.000204749 -0.0208768 -0.0804318 -0.123991 0.122589 -0.288643 
0.000135829 -0.0419592 0.017553 -0.25367 -0.111853 -0.149123 
0.0144015 -0.0528027 -0.0203806 -0.754006 -0.322675 -0.0652806 
-0.0169092 -0.0372737 -0.644121 -0.209362 -0.0611262 -2.39384 
-0.034912 0.00115998 0.236621 0.117325 0.0435118 0.419266 
-0.000738206 -0.0207594 -0.0417026 -0.232153 0.0698348 -0.294075 
0.033971 -0.0613194 0.0384842 -0.593355 -0.0604318 -0.00042095 
0.0525689 -0.0515225 0.0205415 -0.429896 -0.240008 0.151994 
0.0177084 -0.0377819 -0.663526 -0.327635 -0.333711 -2.39149 
-0.000249905 0.00117072 0.20016 0.00296786 -0.107704 0.650832 
0.143368 -0.126047 0.00107714 -0.682299 -1.01964 0.235909 
0.0188719 -0.0526044 -0.0227465 -0.212748 -0.163123 -0.294355 
0.0339009 -0.0414085 0.000546146 -0.472904 -0.193583 0.0794647 
0.000882522 -0.0477051 -0.643471 -0.275971 -0.166022 -2.31774 
-0.0180416 0.0116021 0.199511 0.0695772 -0.00280845 0.574729 
-0.0184391 -0.0310963 -0.0432136 -0.290736 0.179925 -0.443512 
0.0188498 -0.0516507 0.0182728 -0.207377 -0.0360374 -0.0741403 
0.0339918 -0.0621768 -0.000315129 -0.598096 -0.188389 0.00612972 
-0.000800021 -0.0682507 -0.644225 -0.615656 -0.149813 -2.39048 
-0.018873 -0.00990614 0.198579 -0.168518 -0.178326 0.502514 
0.000158864 -0.0212994 -0.0611562 -0.127277 0.000348589 -0.291097 
-0.0193878 -0.0330199 -0.0605873 -0.411035 -0.251855 -0.21153 
0.0347313 -0.0415137 0.0391674 -0.366573 -0.257352 0.0734386 
0.0186284 -0.0585591 -0.623546 -0.345867 -0.393158 -2.24409 
0.0166897 -0.0299116 0.238678 -0.296996 -0.260161 0.648168 
-0.000717466 -0.0216168 -0.0805019 -0.236894 -0.0581222 -0.287524 
0.0153281 -0.0499254 0.0380125 -0.628336 0.236191 -0.077048 
-0.00161381 -0.0403602 0.0394048 -0.459507 0.148489 0.0741398 
-0.0169092 -0.0372737 -0.644121 -0.209362 -0.0611262 -2.39384 
-0.0170537 -0.00970618 0.179196 0.049261 -0.0671007 0.504372 
-0.019427 -0.00978797 -0.0228987 -0.270419 0.244217 -0.373155 
-0.03531 -0.0198285 -0.0415732 -0.110594 0.46466 -0.293968 
0.0518284 -0.0937991 0.0187489 -0.793183 -0.410331 0.00644383 
0.00180382 -0.0685786 -0.605711 -0.294833 -0.224598 -2.3971 
-0.00029579 0.000748097 0.219436 -0.000318094 -0.229945 0.648378 
-0.0184863 -0.0314225 -0.0217179 -0.293392 0.056813 -0.2192 
0.000943424 -0.0218273 -0.00325938 -0.024232 -0.185661 -0.299576 
-0.00168254 -0.0205456 -0.000753302 -0.339685 0.0162093 -0.0727402 
0.0196622 -0.0794448 -0.663136 -0.362897 -0.33521 -2.31199 
-0.00103538 -0.0199149 0.179953 -0.231841 -0.160981 0.58107 
0.0170971 -0.0522854 -0.0204185 -0.426611 -0.152979 -0.0669948 
0.0357859 -0.0632568 -0.0392224 -0.388344 -0.327361 0.0120856 
0.0170764 -0.051428 0.0183808 -0.42187 -0.025022 -0.0735455 
0.0186284 -0.0585591 -0.623546 -0.345867 -0.393158 -2.24409 
-0.0180875 0.0111795 0.218786 0.0662913 -0.125049 0.572276 
-0.0362781 -0.0209911 -0.0223677 -0.226782 0.161709 -0.295302 
0.0010329 -0.0424992 -0.00190061 -0.148794 -0.181339 -0.146145 
0.121061 -0.0946229 -0.015621 -1.02847 -0.957244 0.464669 
-0.0176947 -0.0583593 -0.664328 -0.444171 -0.114403 -2.4636 
-0.0180875 0.0111795 0.218786 0.0662913 -0.125049 0.572276 
-0.0362781 -0.0209911 -0.0223677 -0.226782 0.161709 -0.295302 
-0.00060514 -0.0625259 -0.0197094 -0.484564 -0.0437604 0.0103334 
0.0329579 -0.0412911 0.0392754 -0.581066 -0.246337 0.0740335 
0.035523 -0.0684505 -0.603443 -0.517352 -0.428568 -2.17096 
-0.0170537 -0.00970618 0.179196 0.049261 -0.0671007 0.504372 
-0.000739588 -0.020663 -0.0394825 -0.231523 0.0689634 -0.0673089 
4.40589e-005 -0.0428044 0.0561042 -0.260242 -0.356333 -0.15403 
0.0340605 -0.0819913 0.039843 -0.717918 -0.0561092 0.15301 
7.63089e-005 -0.0679334 -0.624879 -0.506039 -0.0913421 -2.39405 
-0.035653 -0.0194067 0.199358 -0.113568 0.111604 0.578723 
-0.0175893 -0.0319625 -0.0411716 -0.188516 -0.0126732 -0.216222 
0.0161749 -0.0530253 -0.0204886 -0.539513 -0.33369 -0.0658754 
0.0313005 -0.0605567 0.0580458 -0.912724 0.0200697 -0.00280406 
-0.0346573 -0.0479368 -0.624136 -0.270601 -0.074148 -2.31896 
0.0194969 -0.0510199 0.19898 -0.0995332 -0.213228 0.579669 
-0.000694616 -0.0418539 -0.0210682 -0.360001 -0.048083 -0.143097 
0.0348681 -0.0618594 0.0190305 -0.488479 -0.129918 0.00255698 
0.017075 -0.0513316 0.0206009 -0.42124 -0.0258933 0.15322 
0.0195713 -0.0586765 -0.662275 -0.237705 -0.340404 -2.23866 
-0.0179508 -0.00916617 0.198649 -0.055615 0.00238544 0.501394 
0.000112979 -0.021722 -0.0418806 -0.130563 -0.121892 -0.29355 
-0.000740501 -0.0422766 -0.00179264 -0.363287 -0.170323 -0.145551 
0.0349117 -0.082954 0.0396649 -0.616328 -0.247836 0.153534 
-0.000890878 -0.0474824 -0.643363 -0.490464 -0.155007 -2.31714 
-0.0162233 -0.00981144 0.217817 0.155592 -0.13087 0.498346 
-0.000763351 -0.0220394 -0.0612263 -0.24018 -0.180363 -0.289977 
-0.0158366 -0.0313278 -0.00248025 0.0307176 0.104268 -0.223367 
0.0713265 -0.0823085 0.0418957 -0.511451 -0.28211 0.377955 
0.000836637 -0.0481277 -0.624196 -0.279257 -0.288263 -2.32019 
-0.0348662 0.0015826 0.217345 0.120611 0.165752 0.421719 
-0.0531268 -0.0106771 -0.0617466 -0.0520111 0.319359 -0.365973 
0.0561563 -0.0752961 -0.0195831 -0.142156 -0.757239 0.0856645 
-0.0203485 -0.0298114 0.0774843 -0.501059 0.200631 -0.0073939 
0.000836637 -0.0481277 -0.624196 -0.279257 -0.288263 -2.32019 
-0.0169628 -0.0304745 0.178334 -0.0759312 -0.0619068 0.431037 
-0.00060514 -0.0625259 -0.0197094 -0.484564 -0.0437604 0.0103334 
0.00027119 -0.0622085 -0.000363781 -0.374947 0.0147104 0.00676068 
0.0329358 -0.0403373 0.0802947 -0.575695 -0.119251 0.294249 
0.0187651 -0.0789048 -0.643683 -0.467773 -0.265724 -2.31497 
-0.0170078 -0.00928356 0.15992 0.052547 0.0551396 0.506826 
0.0358767 -0.0840251 -0.0400837 -0.513536 -0.322167 -0.0612494 
4.4972e-005 -0.0211909 0.0184143 -0.128478 -0.117046 -0.0757884 
-0.00145724 -0.0831768 0.0181585 -0.717918 -0.0913207 -0.0684329 
0.000882522 -0.0477051 -0.643471 -0.275971 -0.166022 -2.31774 
0.0018604 -0.0833087 0.179304 -0.290705 -0.349013 0.58776 
0.00024834 -0.0419713 -0.0597974 -0.251839 0.00467117 -0.137666 
0.00107878 -0.0420766 -0.0211762 -0.145508 -0.0590984 -0.143692 
0.0339696 -0.061223 0.0407042 -0.592725 -0.0613031 0.226345 
-0.0158984 -0.0788191 -0.605002 -0.352786 -0.115379 -2.31977 
-0.0161072 -0.0292998 0.236479 0.0384262 0.124521 0.420914 
0.000987927 -0.0213083 -0.0203149 -0.0203162 -0.0642923 -0.0703571 
0.0170512 -0.052708 -0.00114291 -0.429896 -0.275219 -0.0694482 
0.0339237 -0.0616456 0.0599798 -0.596011 -0.183543 0.223891 
0.000836637 -0.0481277 -0.624196 -0.279257 -0.288263 -2.32019 
0.000738022 -0.0201376 0.179845 -0.0173484 -0.171997 0.580475 
0.000181714 -0.0415366 -0.00172255 -0.250384 0.0103878 -0.14667 
-0.000740501 -0.0422766 -0.00179264 -0.363287 -0.170323 -0.145551 
0.0339237 -0.0616456 0.0599798 -0.596011 -0.183543 0.223891 
0.0177313 -0.0580191 -0.604092 -0.450743 -0.323672 -2.24707 
-6.8191e-005 -0.0403659 0.198438 -0.247417 -0.0973166 0.504162 
-0.00157095 -0.0421713 -0.0404139 -0.469618 -0.106554 -0.139525 
0.00116826 -0.0627485 -0.0198174 -0.270071 -0.0547758 0.0097386 
0.0341041 -0.103086 0.0604773 -0.845766 -0.174027 0.303987 
0.000882522 -0.0477051 -0.643471 -0.275971 -0.166022 -2.31774 
-0.0179508 -0.00916617 0.198649 -0.055615 0.00238544 0.501394 
-0.000602845 -0.0410087 -0.0596194 -0.353429 0.196398 -0.138191 
4.4972e-005 -0.0211909 0.0184143 -0.128478 -0.117046 -0.0757884 
0.0330726 -0.060683 0.0601579 -0.697601 0.00818304 0.223367 
0.0186284 -0.0585591 -0.623546 -0.345867 -0.393158 -2.24409 
0.000738022 -0.0201376 0.179845 -0.0173484 -0.171997 0.580475 
-0.0362781 -0.0209911 -0.0223677 -0.226782 0.161709 -0.295302 
0.000135829 -0.0419592 0.017553 -0.25367 -0.111853 -0.149123 
0.034846 -0.0609057 0.0600499 -0.483109 -0.00283235 0.222772 
0.0354794 -0.047356 -0.624077 -0.389504 -0.310651 -2.32194 
-0.0170537 -0.00970618 0.179196 0.049261 -0.0671007 0.504372 
0.0349347 -0.0622942 -0.0390444 -0.489934 -0.135635 0.011561 
-0.000740501 -0.0422766 -0.00179264 -0.363287 -0.170323 -0.145551 
0.034846 -0.0609057 0.0600499 -0.483109 -0.00283235 0.222772 
0.0176877 -0.0369245 -0.624727 -0.322894 -0.205755 -2.39804 
-0.0179508 -0.00916617 0.198649 -0.055615 0.00238544 0.501394 
-0.0353351 -0.0211085 -0.0610969 -0.11862 0.214463 -0.289871 
0.0177265 -0.010093 0.0565046 -0.0657845 -0.098308 -0.159667 
0.0366851 -0.0831766 0.0395569 -0.401835 -0.258851 0.15294 
0.0363765 -0.047896 -0.643531 -0.284628 -0.380137 -2.31896 
0.0176993 -0.0304637 0.141874 -0.190288 -0.213123 0.662603 
0.0518524 -0.0515258 -0.0976502 -0.535026 -0.0588433 -0.0572878 
-0.0169172 -0.0324783 0.0940757 -0.0873022 -0.315207 -0.236159 
0.0162008 -0.0710288 0.0994882 -0.649224 0.053632 0.294669 
0.0179139 -0.0779421 -0.643505 -0.569363 -0.0739978 -2.31549 
-0.0346665 -0.0406186 0.181264 -0.133254 0.0464404 0.735131 
-0.0175641 -0.0306826 -0.0216479 -0.180489 0.237524 -0.220319 
0.0187338 -0.0321623 -0.000389612 -0.0902115 -0.291429 0.00329203 
0.0154612 -0.0916918 0.0600056 -0.880747 0.122595 0.22736 
-0.0195797 -0.036511 -0.624559 -0.528731 0.0193754 -2.39622 
-0.0179508 -0.00916617 0.198649 -0.055615 0.00238544 0.501394 
0.0178826 -0.0311997 -0.000211551 -0.191802 -0.0997021 0.00276745 
0.0199479 -0.0944882 -0.0394826 -0.356996 -0.223964 0.015484 
0.0340833 -0.102229 0.0992766 -0.841025 -0.04607 0.297436 
-0.000105405 -0.0263968 -0.623156 -0.255655 -0.10173 -2.24738 
0.0185756 -0.0301464 0.16122 -0.0806718 -0.154652 0.659031 
-0.0175893 -0.0319625 -0.0411716 -0.188516 -0.0126732 -0.216222 
-0.0175664 -0.0521997 0.0182621 -0.311623 -0.00263399 -0.0717951 
-0.00159096 -0.0605974 0.0988384 -0.582614 0.158528 0.218567 
0.0186284 -0.0585591 -0.623546 -0.345867 -0.393158 -2.24409 
0.000738022 -0.0201376 0.179845 -0.0173484 -0.171997 0.580475 
0.0358318 -0.0628342 -0.058498 -0.385058 -0.205121 0.0145389 
-0.0354017 -0.0206738 -0.003022 -0.117166 0.22018 -0.298875 
0.0162008 -0.0710288 0.0994882 -0.649224 0.053632 0.294669 
0.0356139 -0.0892188 -0.604304 -0.642544 -0.423374 -2.2443 
-0.0161774 -0.00938882 0.198541 0.158878 -0.00862996 0.500799 
-0.000785473 -0.0210856 -0.0202069 -0.234809 -0.0532769 -0.0697623 
0.000225305 -0.0626311 0.0189118 -0.378233 -0.10753 0.00430733 
0.0153703 -0.0709235 0.0608669 -0.755554 0.117402 0.300695 
0.0186284 -0.0585591 -0.623546 -0.345867 -0.393158 -2.24409 
-0.01793 -0.0100235 0.15985 -0.0603557 -0.125571 0.507945 
0.0170971 -0.0522854 -0.0204185 -0.426611 -0.152979 -0.0669948 
0.0179275 -0.0523906 0.0182028 -0.32028 -0.216749 -0.0730209 
0.0162902 -0.0917007 0.100847 -0.773786 0.0579546 0.4481 
0.000836637 -0.0481277 -0.624196 -0.279257 -0.288263 -2.32019 
-0.0178392 -0.0307918 0.158989 -0.185548 -0.120378 0.43461 
-0.0362781 -0.0209911 -0.0223677 -0.226782 0.161709 -0.295302 
-0.0344152 -0.0418857 -0.0211169 -0.136852 0.155016 -0.142466 
0.0169862 -0.0499432 0.119695 -0.414415 0.106909 0.364431 
-1.45482e-005 -0.0471651 -0.624018 -0.380847 -0.096536 -2.32071 
-0.0169628 -0.0304745 0.178334 -0.0759312 -0.0619068 0.431037 
9.08572e-005 -0.0207683 -0.000861276 -0.125192 0.00519389 -0.073335 
0.0883076 -0.115106 0.00281475 -0.820896 -0.690481 0.388392 
0.0171186 -0.0724262 0.0412352 -0.549088 -0.143811 0.304198 
0.0177313 -0.0580191 -0.604092 -0.450743 -0.323672 -2.24707 
0.000647165 0.000630706 0.180707 0.107844 -0.177191 0.65381 
-0.0168245 -0.0100195 0.0178347 0.0510338 0.168561 -0.15301 
-0.0174742 -0.0730644 0.0151808 -0.437446 0.00343121 -0.371896 
0.0153244 -0.0713462 0.0801425 -0.75884 -0.00483873 0.298242 
0.0177772 -0.0575965 -0.623368 -0.447457 -0.201432 -2.24461 
-0.0170537 -0.00970618 0.179196 0.049261 -0.0671007 0.504372 
-7.01172e-005 0.0199109 -0.037938 0.120452 -0.133151 0.0798857 
0.0171407 -0.0733799 0.000215857 -0.554459 -0.270897 0.0839825 
0.0154391 -0.0907381 0.101025 -0.875376 0.249681 0.447575 
0.0187192 -0.0793274 -0.624407 -0.471059 -0.387965 -2.31742 
-0.000159048 -0.0195976 0.199299 -0.122224 -0.102511 0.577497 
0.0178826 -0.0311997 -0.000211551 -0.191802 -0.0997021 0.00276745 
0.0010329 -0.0424992 -0.00190061 -0.148794 -0.181339 -0.146145 
0.0331863 -0.101688 0.11873 -0.945901 0.0234161 0.294459 
0.0177772 -0.0575965 -0.623368 -0.447457 -0.201432 -2.24461 
0.000738022 -0.0201376 0.179845 -0.0173484 -0.171997 0.580475 
-0.0353122 -0.0413457 -0.00166323 -0.241728 0.224502 -0.145444 
0.000135829 -0.0419592 0.017553 -0.25367 -0.111853 -0.149123 
0.0348688 -0.0811429 0.119484 -0.606216 0.00720684 0.367199 
0.000973379 -0.0684734 -0.644333 -0.401163 -0.160828 -2.39107 
-0.0170537 -0.00970618 0.179196 0.049261 -0.0671007 0.504372 
0.0170971 -0.0522854 -0.0204185 -0.426611 -0.152979 -0.0669948 
0.00027119 -0.0622085 -0.000363781 -0.374947 0.0147104 0.00676068 
0.0154139 -0.0920181 0.0815013 -0.883403 -0.000516148 0.451672 
0.0176877 -0.0369245 -0.624727 -0.322894 -0.205755 -2.39804 
-0.00018328 0.000735973 0.142086 0.00151311 -0.113421 0.659836 
-0.0539803 -0.0312316 -0.0216586 -0.284735 0.270927 -0.217974 
0.0526347 -0.0735708 0.000156535 -0.563115 -0.485011 0.0827568 
0.0525238 -0.0712286 0.14027 -0.550919 -0.225123 0.514183 
0.107724 -0.131062 -0.640434 -0.80082 -0.790204 -1.93446 
-4.74509e-005 -0.0412232 0.159639 -0.252157 -0.225274 0.510712 
0.0535569 -0.0728308 0.000226621 -0.450213 -0.3043 0.0816374 
0.0190063 -0.0944672 -0.00297344 -0.465788 -0.275847 -0.216713 
-0.00235267 -0.0803067 0.100375 -0.808767 0.354577 0.371473 
0.000952639 -0.067616 -0.605533 -0.396423 -0.0328714 -2.39762 
0.0193166 -0.00957973 0.198482 0.150221 -0.222744 0.499574 
-0.00060514 -0.0625259 -0.0197094 -0.484564 -0.0437604 0.0103334 
-0.0176365 -0.0322888 -0.019676 -0.191172 -0.135785 0.00809055 
-0.000558526 -0.0813867 0.061468 -0.599015 0.215605 0.377429 
0.0195713 -0.0586765 -0.662275 -0.237705 -0.340404 -2.23866 
-0.000227784 0.000216985 0.159141 -0.0024027 -0.23479 0.430617 
-0.0175893 -0.0319625 -0.0411716 -0.188516 -0.0126732 -0.216222 
-0.0531512 -0.0312405 0.0191827 -0.177775 0.206287 0.00276566 
0.034082 -0.102132 0.101497 -0.840395 -0.0469413 0.524202 
0.0363765 -0.047896 -0.643531 -0.284628 -0.380137 -2.31896 
0.0196085 -0.0726456 0.159319 -0.229466 -0.335991 0.512885 
0.0348888 -0.0627168 -0.0197688 -0.49322 -0.257875 0.00910765 
0.0517376 -0.0730308 0.0196102 -0.667991 -0.415525 0.0797788 
-0.0362086 -0.0600891 0.118243 -0.464341 0.431113 0.21622 
0.000927494 -0.068896 -0.625057 -0.404449 -0.283069 -2.39352 
0.0185999 -0.0504799 0.218433 -0.204409 -0.143742 0.576691 
-0.0531934 -0.0102423 -0.00367172 -0.0505564 0.325076 -0.374977 
0.0010329 -0.0424992 -0.00190061 -0.148794 -0.181339 -0.146145 
0.016427 -0.112046 0.0807101 -0.895692 0.185389 0.377218 
0.0356139 -0.0892188 -0.604304 -0.642544 -0.423374 -2.2443 
-0.0161107 -0.00982357 0.140467 0.157423 -0.0143466 0.509803 
-0.0176321 -0.0301514 0.0386471 -0.178405 0.242369 -0.00255745 
0.0188039 -0.0520733 0.0375484 -0.210663 -0.158278 -0.0765937 
0.0340384 -0.0810376 0.0808623 -0.712547 0.0709764 0.373225 
0.0185168 -0.0369334 -0.583885 -0.215934 -0.270395 -2.1773 
0.00161435 -0.0198202 0.199191 0.0922684 -0.113526 0.576902 
0.0170971 -0.0522854 -0.0204185 -0.426611 -0.152979 -0.0669948 
0.00112376 -0.0632675 -0.00276189 -0.273987 -0.176145 -0.21948 
0.0161994 -0.0709324 0.101708 -0.648594 0.0527607 0.521435 
0.0338162 -0.0686626 -0.66141 -0.733299 -0.423269 -2.16136 
-0.000138308 -0.0204549 0.1605 -0.126965 -0.230467 0.584047 
-0.00087633 -0.000317352 -0.0193457 -0.109617 -0.0584708 0.00357275 
-2.51451e-005 -0.00127998 -0.0195237 -0.00802667 -0.250197 0.00409733 
0.0169862 -0.0499432 0.119695 -0.414415 0.106909 0.364431 
0.000952639 -0.067616 -0.605533 -0.396423 -0.0328714 -2.39762 
-0.0181311 0.0322741 0.198152 0.19414 -0.00713104 0.421299 
0.0890494 -0.0729254 0.00238735 -0.458239 -0.519286 0.307177 
-0.0175191 -0.0518735 -0.00323355 -0.308967 0.120478 -0.296108 
0.0162453 -0.0705098 0.0824326 -0.645308 0.175001 0.523888 
0.0195047 -0.0582417 -0.6042 -0.23625 -0.334688 -2.24766 
0.000738022 -0.0201376 0.179845 -0.0173484 -0.171997 0.580475 
-0.0361863 -0.0201459 -0.0609188 -0.220211 0.40619 -0.290396 
4.4972e-005 -0.0211909 0.0184143 -0.128478 -0.117046 -0.0757884 
0.0330504 -0.0597293 0.101177 -0.692231 0.135269 0.443582 
0.0177313 -0.0580191 -0.604092 -0.450743 -0.323672 -2.24707 
0.0176098 -0.00979181 0.140515 -0.0657261 -0.217446 0.509173 
0.0002276 -0.041114 -0.0209981 -0.247098 0.132628 -0.144217 
0.0197468 -0.0521907 -0.0011808 -0.102501 -0.105524 -0.0711624 
0.0340162 -0.0800839 0.121882 -0.707176 0.198062 0.59344 
0.0195298 -0.0569618 -0.584677 -0.228223 -0.0844904 -2.25176 
-0.016176 -0.00948519 0.196321 0.158248 -0.00775865 0.274034 
-4.45036e-005 -0.000518987 0.0170555 -0.00391581 -0.121369 -0.229219 
0.0179734 -0.051968 -0.00107283 -0.316994 -0.0945082 -0.0705676 
0.0170307 -0.0494242 0.10264 -0.410499 0.228278 0.59365 
0.0186535 -0.0572791 -0.604022 -0.33784 -0.142961 -2.24818 
-0.0170537 -0.00970618 0.179196 0.049261 -0.0671007 0.504372 
-0.0353122 -0.0413457 -0.00166323 -0.241728 0.224502 -0.145444 
0.0171407 -0.0733799 0.000215857 -0.554459 -0.270897 0.0839825 
-0.000670123 -0.059761 0.101129 -0.469082 0.338368 0.444213 
-0.0550245 -0.0578001 -0.612746 -0.650442 0.119057 -3.15108 
-0.0383431 -0.0203095 0.190516 -0.443483 -0.0546065 -0.326626 
-0.0362974 -0.0202301 0.0142116 -0.222672 0.290537 -0.528619 
0.0348695 -0.0619558 0.0168105 -0.489109 -0.129047 -0.224209 
-0.00333921 -0.0590947 0.11847 -0.78908 0.419741 0.215064 
0.018743 -0.077951 -0.602663 -0.462402 -0.138639 -2.09475 
-0.0516506 -0.0100553 0.159801 0.162793 0.0775276 0.508576 
0.034798 -0.0419485 -0.0189075 -0.368028 -0.263069 0.0824427 
4.63536e-005 -0.0212873 0.0161943 -0.129108 -0.116175 -0.302554 
-0.00152222 -0.080412 0.138997 -0.702436 0.290808 0.365447 
0.0557378 -0.0160597 -0.600247 0.119011 -0.37935 -1.87657 
0.00161435 -0.0198202 0.199191 0.0922684 -0.113526 0.576902 
0.0170999 -0.0524781 -0.0248586 -0.42787 -0.151236 -0.520526 
-0.112778 6.81334e-005 0.0385263 -0.734626 0.508237 -2.04331 
-0.0593117 -0.0712779 0.140067 -1.17738 0.335868 -1.5237 
-0.0575958 -0.0783839 -0.607366 -1.09878 0.209981 -4.58739 
-0.0765401 0.000967701 0.171742 -0.631386 0.364898 -2.29289 
-0.0948918 -0.0314207 0.0316546 -0.928317 0.411149 -2.72084 
-0.0770092 -0.0626204 0.031443 -1.12012 0.311447 -2.71808 
-0.0265512 -0.0488506 0.175514 -1.37345 0.449001 -1.9116 
-0.00375413 -0.00500037 -0.59882 -0.559116 0.0491631 -3.76677 
-0.0196714 -0.00900273 0.168382 -0.269971 0.139998 -0.629386 
0.017911 -0.0518224 0.0503419 -0.317429 -0.0861776 -0.759869 
0.018826 -0.053027 -0.00347093 -0.216034 -0.285363 -0.296809 
-0.00168181 -0.0398291 0.0996997 -0.457422 0.153334 0.291902 
0.00182456 -0.069436 -0.644511 -0.299573 -0.352555 -2.39055 
0.000874764 -0.0404833 0.159709 -0.139255 -0.0445625 0.509593 
-0.0408093 -0.0187137 0.0941761 -0.754448 0.386899 -0.312645 
-0.0183955 -0.0521908 -0.0225792 -0.418584 0.0620069 -0.292535 
-0.0549882 -0.0283494 0.137909 -0.377416 0.600302 0.210474 
0.000905372 -0.0679423 -0.584038 -0.399079 -0.155983 -2.17331 
0.0195636 -0.0514547 0.140905 -0.100988 -0.218945 0.588673 
-0.000694616 -0.0418539 -0.0210682 -0.360001 -0.048083 -0.143097 
8.99441e-005 -0.0423818 0.0368286 -0.256956 -0.234093 -0.151577 
-0.0184183 -0.0704242 0.121113 -0.530321 0.325346 0.519088 
-0.0177168 -0.0574056 -0.623309 -0.4388 0.0126825 -2.24339 
-0.0170537 -0.00970618 0.179196 0.049261 -0.0671007 0.504372 
0.0357652 -0.0623994 -0.000423103 -0.383603 -0.199404 0.0055349 
-0.0355385 -0.000328086 0.0171149 0.00474053 0.0927455 -0.227993 
-0.0015236 -0.0803156 0.141217 -0.701806 0.289936 0.592212 
0.0177772 -0.0575965 -0.623368 -0.447457 -0.201432 -2.24461 
-0.0346651 -0.040715 0.179044 -0.133884 0.0473117 0.508365 
-0.0184863 -0.0314225 -0.0217179 -0.293392 0.056813 -0.2192 
0.0693976 -0.0417921 -0.00395327 -0.48282 -0.405955 -0.375292 
0.0517607 -0.0908415 0.144027 -0.776442 -0.0299456 0.893855 
0.000813602 -0.0687875 -0.545486 -0.405651 -0.400464 -2.17822 
0.036232 -0.0203285 0.179786 -0.0260047 -0.386111 0.579249 
0.034798 -0.0419485 -0.0189075 -0.368028 -0.263069 0.0824427 
-0.01761 -0.0311052 -0.00237228 -0.183775 0.115284 -0.222773 
0.0338795 -0.0597382 0.142019 -0.58527 0.0706278 0.664322 
0.000926112 -0.0687996 -0.622837 -0.40382 -0.28394 -2.16676 
-0.0178392 -0.0307918 0.158989 -0.185548 -0.120378 0.43461 
-0.0185322 -0.0318451 -0.00244236 -0.296678 -0.0654273 -0.221653 
0.0188947 -0.0728416 0.0366871 -0.335855 -0.153084 -0.149929 
0.0179048 -0.070624 0.161895 -0.432016 0.0465906 0.738602 
0.0169237 -0.078151 -0.58328 -0.680181 -0.249864 -2.09661 
-0.0162002 0.0108484 0.139108 0.281985 -0.0186692 0.356373 
0.0358101 -0.0835903 0.0179912 -0.512081 -0.316451 -0.0702535 
0.000987927 -0.0213083 -0.0203149 -0.0203162 -0.0642923 -0.0703571 
0.0347994 -0.0805154 0.181999 -0.603502 0.0111808 0.811726 
0.000905372 -0.0679423 -0.584038 -0.399079 -0.155983 -2.17331 
-0.0169628 -0.0304745 0.178334 -0.0759312 -0.0619068 0.431037 
-0.00237716 -0.0623996 -0.0218215 -0.699686 -0.0318737 -0.215837 
0.0357193 -0.062822 0.0188525 -0.386889 -0.321644 0.00308156 
-0.000692245 -0.0588073 0.142148 -0.463711 0.465453 0.664428 
-0.0355544 -0.0473968 -0.604683 -0.375477 -0.00466182 -2.32194 
0.000739403 -0.020234 0.177625 -0.0179782 -0.171125 0.353709 
-0.0363239 -0.0214137 -0.00309209 -0.230068 0.0394686 -0.297756 
-0.0166901 -0.0518824 0.0376077 -0.202007 0.0558368 -0.0753679 
0.0170536 -0.0696613 0.162073 -0.533606 0.238317 0.738077 
0.0205613 -0.0993646 -0.584357 -0.376388 -0.2667 -2.17114 
-0.0178099 -0.0298009 0.171852 -0.179411 0.132434 -0.249785 
-0.0398809 0.000827898 -0.017307 -0.526958 0.434842 -1.81223 
-0.0590699 -0.0700321 0.0237089 -1.16662 0.954911 -3.55233 
-0.123067 -0.0771252 0.196673 -2.49678 1.6204 -5.76897 
-0.23509 -0.0641941 -0.541818 -3.14038 1.94344 -11.9329 
-0.348925 -0.0163595 0.266724 -3.60193 2.51038 -12.586 
-0.320884 -0.0796554 0.0593859 -4.95891 2.54268 -15.9531 
-0.416201 0.0154662 0.0727406 -5.12273 3.41909 -18.6866 
-0.368171 -0.00974889 0.255938 -5.9348 4.15489 -19.8515 
-0.334545 0.025722 -0.558543 -6.03675 4.19761 -23.8951 
-0.353184 0.0435669 0.226405 -5.94005 4.62267 -22.9585 
-0.392145 0.0403783 0.0814219 -6.38279 4.48627 -25.8844 
-0.429222 -0.00132296 0.0665464 -6.84279 4.72701 -27.3898 
-0.430899 -0.0631511 0.195056 -7.4345 4.64455 -28.0832 
-0.591753 -0.0624756 -0.551485 -7.60169 4.82261 -33.0313 
-0.592922 0.00458643 0.195429 -7.21271 4.62766 -32.0172 
-0.593428 -0.038389 0.0233953 -7.57675 4.69648 -33.7272 
-0.594343 -0.0396108 0.012225 -7.6928 4.52013 -34.8599 
-0.593487 -0.0577195 0.170823 -7.69618 4.84368 -34.5054 
-0.589103 -0.067822 -0.656715 -7.31161 4.26001 -37.7828 
-0.586554 -0.0420673 0.103801 -6.73961 4.04732 -35.3292 
-0.637796 -0.0553092 -0.0981672 -6.58933 4.09578 -36.1272 
-0.658304 -0.0662477 -0.0245099 -6.97777 3.92052 -36.5132 
-0.661066 -0.0856137 0.134056 -7.42145 3.89366 -36.1558 
-0.675462 -0.0831635 -0.571144 -7.06705 3.61543 -38.8476 
-0.673881 -0.0152479 0.135418 -6.34709 3.57749 -36.0121 
-0.620276 -0.0444291 0.0409892 -6.53049 3.87401 -35.7715 
-0.521441 -0.0765417 -0.088576 -5.55197 3.5799 -35.0745 
-0.453953 -0.114622 0.0931517 -6.23046 3.5702 -34.344 
-0.394509 -0.11153 -0.70661 -5.56024 3.27132 -36.7993 
-0.412377 -0.0740621 0.0557618 -5.23709 3.3654 -34.1949 
-0.358839 -0.0836215 -0.0832651 -5.30193 3.53138 -34.5548 
-0.336603 -0.0950382 -0.102285 -4.83468 3.33496 -34.4769 
-0.320584 -0.122104 0.0639089 -5.21886 3.75375 -33.3659 
-0.337654 -0.0995113 -0.719962 -5.06547 3.41802 -36.1979 
-0.29952 -0.0730059 0.00416341 -4.49493 3.23483 -33.5139 
-0.339362 -0.0712735 -0.021319 -5.01546 3.78756 -34.1898 
-0.263754 -0.0945083 -0.134403 -4.62903 3.13759 -33.7947 
-0.246881 -0.122729 0.0271731 -4.91289 3.36639 -33.1367 
-0.244448 -0.0889353 -0.740211 -4.47966 3.1615 -36.2776 
-0.22579 -0.0724478 -0.0152687 -4.18156 3.09854 -33.5156 
-0.225562 -0.0726647 -0.17441 -4.17916 3.33333 -33.9462 
-0.154415 -0.113629 -0.135232 -4.44149 3.04257 -33.8751 
-0.154529 -0.111094 0.00932212 -4.42803 3.30072 -32.9901 
-0.132392 -0.0867829 -0.817567 -3.83769 3.34751 -36.2748 
-0.0781259 -0.111492 -0.0341117 -3.79655 3.08566 -33.443 
-0.0790007 -0.0710085 -0.19382 -3.6573 3.13023 -33.9526 
-0.0938957 -0.102357 -0.23281 -3.51779 3.28638 -33.9438 
-0.00520549 -0.130969 -0.0305114 -3.71199 3.02231 -33.0675 
-0.107328 -0.139449 -0.814632 -3.29545 3.20719 -35.8943 
-0.0551026 -0.0803057 -0.0728346 -2.96336 3.18269 -33.4439 
-0.0363228 -0.0711484 -0.230643 -2.80078 3.11566 -33.7245 
-0.0343254 -0.133906 -0.209619 -2.96389 2.99624 -33.494 
0.0161554 -0.140373 -0.00611376 -3.34033 3.14384 -32.5431 
0.000927297 -0.118534 -0.850387 -2.97453 2.79225 -35.5935 
-0.0142269 -0.102924 -0.0869427 -2.45987 2.68791 -32.8358 
0.0207332 -0.123041 -0.244606 -2.69227 2.90463 -33.1148 
-0.0131034 -0.103584 -0.263317 -2.35196 2.85234 -33.0367 
0.00379134 -0.151946 -0.0400879 -2.75829 3.09031 -32.0075 
0.0239892 -0.129767 -0.824126 -2.39906 2.52945 -34.8414 
0.0248556 -0.102848 -0.0998334 -2.03436 2.57139 -32.1555 
-0.0120931 -0.12342 -0.259668 -2.36299 3.0365 -32.6576 
-0.0102775 -0.144641 -0.236922 -2.27571 2.9067 -32.2805 
0.0419323 -0.15185 -0.0164694 -2.44158 2.92191 -31.5594 
0.00720778 -0.139171 -0.821127 -2.34348 2.81851 -34.5384 
0.00627707 -0.113406 -0.11847 -2.20193 2.62214 -32.0746 
0.00641309 -0.114468 -0.23906 -2.2061 2.61245 -32.5101 
0.0251914 -0.146112 -0.256505 -2.2924 2.44239 -32.2776 
0.0233286 -0.163688 -0.0546297 -2.61717 2.72246 -31.4744 
0.0630708 -0.151305 -0.799327 -2.10532 2.17365 -34.2393 
-0.00884785 -0.125158 -0.0965514 -1.94646 2.4055 -31.773 
-0.0451716 -0.105675 -0.237786 -1.92703 2.54713 -32.3572 
-0.0273142 -0.138155 -0.257522 -2.12685 2.19723 -32.3503 
-0.012416 -0.143043 0.045137 -2.48781 2.69174 -31.187 
-0.0293311 -0.143887 -0.858213 -2.47447 1.97821 -34.2994 
-0.0285299 -0.116629 -0.0780657 -2.10894 2.02674 -31.8493 
-0.0282585 -0.137941 -0.216572 -2.23439 2.14361 -32.129 
-0.0451532 -0.128049 -0.236676 -2.0629 2.17902 -32.2021 
-0.0123746 -0.144757 -0.0324617 -2.49729 2.43583 -31.1739 
0.00798517 -0.141644 -0.817113 -2.25195 2.25261 -34.0827 
-0.0116793 -0.0837162 -0.114067 -2.02018 2.34766 -31.6222 
0.00728527 -0.113862 -0.213054 -2.0946 2.6683 -31.8334 
0.153036 -0.153758 -0.169522 -1.93268 2.29798 -31.314 
0.0765695 -0.150693 -0.00747047 -2.5493 2.89603 -30.6541 
0.0613428 -0.12895 -0.853964 -2.18413 2.54532 -33.9312 
0.00701481 -0.0709368 -0.112237 -1.83739 2.79072 -31.4755 
0.0419739 -0.112667 -0.232211 -2.20156 2.76816 -31.8327 
0.0428251 -0.11363 -0.232389 -2.09997 2.57643 -31.8322 
0.0409128 -0.153049 0.0308919 -2.55853 2.49323 -30.6561 
0.00533406 -0.141642 -0.834131 -2.57543 2.20428 -33.8518 
-0.0462799 -0.105486 -0.0913309 -2.03716 2.25126 -31.2427 
-0.0291835 -0.138488 -0.212202 -2.34603 1.96115 -31.6743 
-0.0630646 -0.11955 -0.213858 -2.00963 1.78749 -31.8255 
-0.0657822 -0.157585 0.0303254 -2.5665 2.01826 -30.6475 
-0.0828282 -0.136042 -0.796785 -2.41911 1.55632 -33.9265 
-0.0802792 -0.0885774 -0.0717389 -1.71473 1.58205 -31.1679 
-0.081734 -0.10934 -0.231633 -2.05201 1.83305 -31.6712 
-0.0453439 -0.131684 -0.213456 -2.08755 1.31016 -31.7477 
-0.0479891 -0.168112 0.0287551 -2.63374 1.91424 -30.7982 
-0.0649447 -0.145628 -0.834686 -2.47915 1.69591 -33.8455 
-0.0820275 -0.0870748 -0.0521072 -1.92119 1.84326 -31.1714 
-0.0647499 -0.139903 -0.210171 -2.34806 1.80196 -31.4447 
-0.0994835 -0.119907 -0.209429 -2.11262 1.81915 -31.3696 
-0.0292581 -0.200082 0.0328056 -2.72269 1.62107 -30.3413 
-0.0640735 -0.166635 -0.770991 -2.49941 1.51248 -33.247 
-0.0819645 -0.10893 -0.0680521 -2.05315 1.59651 -30.7871 
-0.0809063 -0.109253 -0.188572 -1.94442 1.76753 -31.2237 
-0.0804578 -0.215135 -0.248981 -2.58252 1.41448 -31.353 
-0.0836032 -0.148144 0.0168121 -2.50603 1.87035 -30.0392 
-0.0969627 -0.145159 -0.770108 -2.03816 1.89109 -33.1742 
-0.0800558 -0.129402 -0.0860769 -1.95993 1.71206 -30.6318 
-0.0622846 -0.0980793 -0.184771 -1.7723 1.83728 -30.8486 
-0.0444929 -0.108511 -0.184121 -1.83891 1.73239 -30.7725 
0.00702249 -0.155147 0.0802465 -2.35012 2.07505 -29.5249 
-0.0285562 -0.14374 -0.784776 -2.36701 1.7861 -32.7206 
-0.0454815 -0.10639 -0.0611331 -1.9357 1.93293 -30.1108 
-0.0488212 -0.105304 -0.181259 -2.35754 2.31771 -30.5468 
0.00807788 -0.116806 -0.238959 -2.00528 1.97095 -30.4641 
0.0399823 -0.153211 0.0441421 -2.66765 2.30729 -29.2944 
-0.0107592 -0.13042 -0.763493 -2.28909 2.29865 -32.5769 
-0.081962 -0.0849867 -0.0429789 -1.90736 2.21221 -30.266 
-0.0301324 -0.116275 -0.200063 -2.31928 2.14333 -30.4677 
-0.0657631 -0.0957387 -0.179867 -2.18871 2.23001 -30.3956 
-0.0508932 -0.10414 0.0427252 -2.5711 2.09704 -29.4443 
-0.04817 -0.133316 -0.761602 -2.51692 1.77803 -32.345 
-0.100814 -0.0548532 -0.0213418 -1.83112 2.00809 -30.0433 
-0.0657631 -0.0957387 -0.179867 -2.18871 2.23001 -30.3956 
-0.0827051 -0.0861735 -0.178474 -2.01989 2.14231 -30.2444 
-0.0499931 -0.102447 0.0838146 -2.45282 2.40484 -29.2252 
-0.101545 -0.102021 -0.763551 -2.31709 2.09272 -32.5733 
-0.100725 -0.0755251 -0.019983 -1.95568 2.01241 -29.8899 
-0.121051 -0.0653933 -0.121661 -2.21261 2.18812 -30.4039 
-0.0658814 -0.0977675 -0.158619 -2.20268 1.73446 -30.1696 
-0.0151974 -0.165912 0.104817 -2.95198 1.90161 -28.9942 
-0.0465531 -0.0907218 -0.740464 -2.04402 2.00683 -32.203 
-0.0651609 -0.0739171 -0.0175742 -1.95239 2.16987 -29.666 
-0.0853755 -0.0854109 -0.158913 -2.33925 2.22281 -30.2468 
-0.0481082 -0.0858244 -0.15908 -2.13342 1.99768 -30.2486 
-0.0330076 -0.133106 0.103057 -2.7495 2.37462 -29.2254 
-0.191467 -0.0272761 -0.726961 -1.9557 2.93169 -32.8876 
-0.101736 -0.0555932 -0.0214119 -1.94402 1.82738 -30.0422 
-0.0650042 -0.0758367 -0.176963 -1.9613 2.03222 -30.0949 
-0.0491199 -0.0658925 -0.160509 -2.12176 1.81265 -30.4009 
-0.0143453 -0.145261 0.0669491 -2.71863 1.94917 -28.9154 
-0.0659433 -0.145259 -0.761141 -2.58619 1.51481 -32.266 
-0.0119004 -0.0858194 -0.0365075 -2.03569 1.60066 -29.587 
-0.0132657 -0.127254 -0.195043 -2.49753 1.85598 -29.9369 
-0.0490052 -0.0852844 -0.139626 -2.23829 2.06717 -30.2516 
-0.069605 -0.113829 0.140238 -2.73576 2.15922 -29.3814 
-0.047156 -0.131731 -0.800083 -2.39745 2.20322 -32.3412 
-0.0669122 -0.0746481 -0.0584856 -2.17226 2.0538 -29.8856 
-0.0667075 -0.0955249 -0.138917 -2.29625 2.17638 -30.1742 
0.0399305 -0.117204 -0.195811 -2.44823 1.53265 -30.0155 
-0.0321762 -0.111598 0.103988 -2.5114 2.55014 -29.1532 
-0.0474052 -0.111373 -0.702596 -2.27737 1.95927 -32.2818 
-0.0474631 -0.0658139 -0.0766063 -1.90721 1.68249 -29.7327 
-0.0312585 -0.0745249 -0.157391 -2.17643 2.07932 -30.0997 
-0.0488936 -0.10691 -0.179287 -2.36823 1.9444 -30.3184 
-0.0144555 -0.123732 0.10439 -2.58933 2.0728 -29.0754 
-0.047474 -0.0915582 -0.742754 -2.15755 1.82699 -32.4287 
-0.0651847 -0.0752934 -0.0393179 -1.96105 1.92054 -29.8886 
-0.0846138 -0.0657016 -0.16045 -2.1131 2.02676 -30.3997 
-0.0659236 -0.0767694 -0.181474 -2.07547 1.85325 -30.5474 
-0.0685726 -0.134618 0.102868 -2.75216 2.2163 -29.2225 
-0.0660512 -0.102212 -0.763611 -2.32575 1.87861 -32.5745 
-0.101736 -0.0555932 -0.0214119 -1.94402 1.82738 -30.0422 
-0.047953 -0.128545 -0.178106 -2.3912 1.757 -30.1644 
-0.0649187 -0.120356 -0.198458 -2.23103 1.41997 -30.2359 
-0.0135594 -0.145886 0.122626 -2.61621 1.76403 -29.1507 
-0.0118721 -0.134796 -0.740344 -2.42664 1.24908 -32.1214 
-0.0846841 -0.0866876 -0.0602447 -2.24215 1.79145 -30.0334 
-0.0854924 -0.0875361 -0.139885 -2.35385 1.72813 -30.2476 
-0.0658801 -0.0978639 -0.160839 -2.20331 1.73533 -30.3964 
-0.0687345 -0.115552 0.103481 -2.63828 1.83867 -29.1475 
-0.0661443 -0.102961 -0.722839 -2.33169 1.63325 -32.3527 
-0.102704 -0.0567558 -0.0022064 -2.06021 1.52443 -30.0435 
-0.120089 -0.0878852 -0.15928 -2.24032 1.87276 -30.2434 
-0.101582 -0.0790299 -0.140891 -2.08406 1.44958 -30.3226 
-0.0508991 -0.147078 0.124765 -2.83273 1.61585 -28.9204 
-0.120288 -0.115031 -0.741665 -2.50192 1.52568 -32.2689 
-0.120341 -0.0673347 -0.0573522 -2.11899 1.62706 -29.7304 
-0.086416 -0.0881797 -0.137735 -2.46613 1.54655 -30.0197 
-0.0668037 -0.0985075 -0.158689 -2.31559 1.55375 -30.1685 
-0.0695421 -0.135684 0.124293 -2.86771 1.91248 -28.9971 
-0.101825 -0.0849846 -0.741691 -2.21718 1.21954 -32.2724 
-0.11673 -0.0897319 -0.0757331 -1.82259 1.35915 -29.5741 
-0.0493528 -0.0485294 -0.160144 -2.01919 1.06258 -30.3243 
-0.102415 -0.100442 -0.139602 -2.32153 1.27319 -30.1681 
-0.0874255 -0.126098 0.162195 -2.80768 1.77289 -29.0781 
0.00580132 -0.147256 -0.718447 -2.50722 0.648635 -31.8193 
-0.118658 -0.0684989 -0.0211291 -1.91169 1.37244 -29.9627 
-0.14163 -0.0563244 -0.0837217 -2.47997 1.87884 -30.4832 
-0.0845755 -0.110547 -0.160448 -2.38548 1.2914 -30.3163 
-0.103468 -0.117266 0.139693 -2.53523 1.61745 -29.3774 
-0.102519 -0.126935 -0.764979 -2.57781 1.17233 -32.6422 
-0.101742 -0.0793441 -0.042045 -2.08855 1.20994 -30.1098 
-0.121126 -0.0692332 -0.180232 -2.23669 1.43753 -30.3916 
-0.136178 -0.101089 -0.124816 -2.10293 1.35579 -30.6234 
-0.0873836 -0.149523 0.120066 -2.94955 1.27856 -29.37 
-0.118674 -0.0963805 -0.7456 -2.17481 1.13877 -32.648 
-0.120366 -0.0903245 -0.0414061 -2.25941 1.13845 -30.0313 
-0.122029 -0.0924441 -0.181412 -2.4861 0.889575 -30.4622 
-0.101586 -0.102877 -0.163744 -2.22922 0.833006 -30.617 
-0.139033 -0.118777 0.139505 -2.53789 1.45912 -29.3746 
-0.119775 -0.0557766 -0.748387 -2.03858 0.949418 -32.9538 
-0.137442 -0.0606064 -0.0243171 -1.96993 0.925054 -30.2628 
-0.120186 -0.112481 -0.141362 -2.39142 1.01084 -30.3159 
-0.1728 -0.0614778 -0.144848 -1.96544 1.12948 -30.6971 
-0.0866246 -0.129621 0.122969 -2.72214 1.08077 -29.0694 
-0.137344 -0.107784 -0.725685 -2.34895 0.945042 -32.572 
-0.15519 -0.0712696 -0.00433243 -2.03117 0.912032 -30.1879 
-0.156804 -0.0707328 -0.103071 -2.24118 1.16268 -30.4002 
-0.171022 -0.0595631 -0.0866326 -1.73818 1.49662 -30.7083 
-0.0688078 -0.138772 0.143143 -2.78072 1.22607 -28.9974 
-0.121345 -0.0955215 -0.723818 -2.49354 1.2184 -32.4237 
-0.121424 -0.0491053 -0.0590292 -2.11864 1.06959 -29.8811 
-0.139033 -0.0585969 -0.0990914 -2.17065 1.42416 -30.0256 
-0.191398 -0.0495647 -0.162375 -1.99651 1.54747 -30.5445 
-0.122093 -0.12815 0.142552 -2.70546 1.54508 -29.0722 
-0.156125 -0.0759475 -0.7038 -2.26139 1.11336 -32.351 
-0.1551 -0.070328 -0.0406636 -2.02397 1.15564 -29.9562 
-0.138967 -0.0806452 -0.119476 -2.30387 1.17916 -30.0949 
-0.0654444 -0.0615404 -0.12124 -1.88054 0.543862 -30.2508 
-0.104376 -0.140091 0.147394 -2.78212 1.06601 -28.541 
-0.137257 -0.128263 -0.719886 -2.47225 0.947622 -31.9651 
-0.189926 -0.0510803 0.000850198 -1.79447 0.927484 -29.6593 
-0.207177 -0.124073 -0.13645 -2.22762 1.16309 -29.7815 
-0.136279 -0.103782 -0.137927 -2.12037 0.730539 -29.9374 
-0.101726 -0.139996 0.166632 -2.45801 1.11346 -28.5451 
-0.135666 -0.0869489 -0.718272 -2.00737 0.926218 -31.819 
-0.117702 -0.112315 -0.0143976 -2.06928 0.815174 -29.2001 
-0.137152 -0.101866 -0.09673 -2.21659 1.04935 -29.7177 
-0.118532 -0.0930229 -0.155692 -2.05851 0.74269 -29.7855 
-0.120396 -0.151399 0.186546 -2.63215 0.919728 -28.4691 
-0.118751 -0.119311 -0.699278 -2.31536 0.523565 -31.8176 
-0.171953 -0.0813384 -0.0356925 -1.97907 1.07139 -29.4249 
-0.153982 -0.113927 -0.134998 -2.1777 0.838887 -29.6333 
-0.171728 -0.124782 -0.119454 -2.2402 0.827607 -30.012 
-0.120396 -0.151399 0.186546 -2.63215 0.919728 -28.4691 
-0.172938 -0.110286 -0.738738 -2.35774 0.533907 -31.8848 
-0.171934 -0.103809 -0.0368019 -2.11558 0.704147 -29.4965 
-0.171911 -0.0831495 -0.115511 -1.98918 0.816348 -29.6385 
-0.154097 -0.0945346 -0.155881 -2.06116 0.584367 -29.7826 
-0.156903 -0.13118 0.187397 -2.61121 0.947937 -28.3934 
-0.207554 -0.109874 -0.721553 -2.2401 0.807364 -32.1139 
-0.17198 -0.104232 -0.0175263 -2.11886 0.581907 -29.499 
-0.172742 -0.104658 -0.116443 -2.22728 0.640831 -29.7107 
-0.187884 -0.0941316 -0.0978545 -1.83656 0.793182 -29.791 
-0.174604 -0.141517 0.185886 -2.66979 1.05803 -28.5429 
-0.169301 -0.1315 -0.739815 -2.05395 0.51707 -31.9593 
-0.153382 -0.094435 -0.035469 -1.9554 0.402331 -29.3466 
-0.208302 -0.0824186 -0.0959982 -2.0854 1.09995 -29.6403 
-0.154996 -0.115512 -0.0965172 -2.29717 0.413695 -29.6371 
-0.172967 -0.121394 0.205915 -2.33339 0.919577 -28.4726 
-0.172109 -0.110295 -0.697896 -2.25078 0.469266 -31.664 
-0.207589 -0.0845527 -0.0361294 -1.99304 0.54063 -29.4203 
-0.225176 -0.094998 -0.117211 -2.05042 0.768115 -29.7851 
-0.187753 -0.138228 -0.138625 -2.103 0.303176 -29.9295 
-0.173799 -0.142902 0.204983 -2.57148 0.74406 -28.5448 
-0.223511 -0.143135 -0.700565 -2.22272 0.415212 -31.8845 
-0.222713 -0.0964011 -0.0164308 -1.7382 0.324867 -29.3455 
-0.224352 -0.0971443 -0.134693 -1.95623 0.32532 -29.5537 
-0.223453 -0.0977807 -0.156366 -1.85198 0.256705 -29.7775 
-0.225383 -0.134109 0.206257 -2.29241 0.678746 -28.3919 
-0.187167 -0.144192 -0.698583 -2.12915 0.00849942 -31.6585 
-0.222759 -0.0968237 0.00284473 -1.74148 0.202626 -29.348 
-0.246592 -0.0878649 -0.173996 -2.43625 0.143579 -29.6209 
-0.241156 -0.108021 -0.155657 -1.90994 0.365924 -29.7002 
-0.244884 -0.145407 0.18755 -2.57288 0.548783 -28.3099 
-0.188134 -0.123741 -0.717067 -2.11358 -0.0551652 -31.5816 
-0.205889 -0.0863816 -0.0342655 -1.78923 0.156306 -29.1925 
-0.223385 -0.117595 -0.116208 -1.9718 0.388985 -29.6306 
-0.206538 -0.108529 -0.175062 -2.02821 0.0933385 -29.6978 
-0.207502 -0.165212 0.208265 -2.48358 0.578173 -28.1623 
-0.223582 -0.123127 -0.736283 -2.10164 0.28119 -31.5779 
-0.223726 -0.0763728 -0.0156397 -1.72591 0.138962 -29.2711 
-0.224354 -0.118661 -0.0947828 -2.08736 0.085162 -29.4052 
-0.223547 -0.0985295 -0.115595 -1.85792 0.0113532 -29.5556 
-0.296532 -0.114758 0.204769 -2.16185 0.730215 -28.5412 
-0.258406 -0.104072 -0.69921 -1.8734 0.0547744 -31.7345 
-0.222695 -0.118776 -0.0153202 -1.87407 -0.0432484 -29.1905 
-0.205665 -0.129633 -0.113587 -2.0491 -0.0892202 -29.3261 
-0.188749 -0.140478 -0.134503 -2.22595 -0.251716 -29.4732 
-0.226262 -0.155943 0.226821 -2.53316 0.380118 -28.2398 
-0.240615 -0.114504 -0.69856 -1.94001 -0.0501216 -31.6584 
-0.23968 -0.0881159 -0.0345623 -1.57739 -0.0130325 -29.1903 
-0.277753 -0.0670337 -0.153946 -1.7638 0.388939 -29.5511 
-0.258975 -0.120387 -0.135921 -1.98249 -0.0195356 -29.6236 
-0.224489 -0.156166 0.226713 -2.31867 0.369102 -28.2404 
-0.222823 -0.124935 -0.69791 -2.00662 -0.155018 -31.5823 
-0.240602 -0.0888559 -0.0346324 -1.6903 -0.193744 -29.1891 
-0.257334 -0.0981265 -0.0575689 -1.63332 0.220169 -29.564 
-0.260057 -0.080544 -0.175288 -1.85038 -0.33772 -29.6961 
-0.260951 -0.157138 0.245978 -2.4262 0.280265 -28.2405 
-0.24066 -0.114926 -0.679284 -1.9433 -0.172362 -31.6608 
-0.204188 -0.0882104 -0.0324016 -1.58542 -0.228018 -28.9647 
-0.204699 -0.128374 -0.130572 -1.93228 0.21286 -29.098 
-0.222514 -0.119319 -0.152966 -1.87432 0.06843 -29.3968 
-0.261042 -0.13637 0.246839 -2.30101 0.275071 -28.1671 
-0.241558 -0.114386 -0.659831 -2.04817 -0.102876 -31.6638 
-0.260188 -0.0773445 0.00362516 -1.83344 0.0501247 -29.2712 
-0.240399 -0.109636 -0.112844 -1.81366 -0.072026 -29.251 
-0.259066 -0.0996186 -0.13506 -1.85729 -0.0247295 -29.5503 
-0.242283 -0.145542 0.230504 -2.2508 0.472256 -27.8629 
-0.24039 -0.155425 -0.715118 -2.18585 0.0807639 -31.3491 
-0.240579 -0.0874795 -0.0128886 -1.68164 0.0555823 -28.9665 
-0.239477 -0.108896 -0.112774 -1.70075 0.108685 -29.2521 
-0.187853 -0.140922 -0.151736 -2.12045 -0.322073 -29.2434 
-0.224535 -0.134879 0.210519 -2.18956 0.485277 -27.9378 
-0.22098 -0.123359 -0.69555 -1.78018 0.205533 -31.3577 
-0.258461 -0.0562798 -0.0126771 -1.48984 0.155284 -28.9692 
-0.256258 -0.14001 -0.074305 -1.77757 0.159328 -29.2542 
-0.292876 -0.0789784 -0.136467 -1.50958 0.174047 -29.7031 
-0.223776 -0.136687 0.248892 -2.09454 0.0490702 -27.9422 
-0.275305 -0.115602 -0.677183 -1.83242 -0.150845 -31.4323 
-0.259273 -0.100259 -0.0147179 -1.86444 -0.387477 -29.1131 
-0.240399 -0.109636 -0.112844 -1.81366 -0.072026 -29.251 
-0.258169 -0.100159 -0.154513 -1.75242 -0.0942157 -29.5473 
-0.223752 -0.13531 0.270636 -2.08588 0.298396 -27.7195 
-0.222915 -0.104071 -0.694829 -1.8808 -0.161083 -31.2822 
-0.259203 -0.09846 -0.0122497 -1.8525 -0.0159102 -28.888 
-0.27679 -0.108905 -0.0933312 -1.90988 0.211575 -29.2528 
-0.243049 -0.109731 -0.132082 -2.13777 -0.119481 -29.2468 
-0.189043 -0.156587 0.25037 -2.32935 0.0310048 -27.7905 
-0.241467 -0.113445 -0.696162 -2.04097 0.140734 -31.4321 
-0.259201 -0.0769429 -0.0521596 -1.72136 0.224248 -29.0365 
-0.243024 -0.108451 -0.112558 -2.12974 0.130716 -29.2509 
-0.242216 -0.0883191 -0.133371 -1.9003 0.0569071 -29.4014 
-0.188997 -0.156164 0.231094 -2.32606 0.153245 -27.7881 
-0.186254 -0.166914 -0.712486 -2.15889 -0.430844 -31.0469 
-0.258416 -0.0774707 0.00573723 -1.61832 0.038238 -29.045 
-0.259893 -0.0972796 -0.113138 -1.95023 0.416323 -29.3282 
-0.240353 -0.109214 -0.13212 -1.81037 0.0502143 -29.2486 
-0.26093 -0.155569 0.272162 -2.41628 0.527849 -27.5643 
-0.240617 -0.114311 -0.69412 -1.93875 -0.0518642 -31.2048 
-0.240535 -0.108574 0.00774573 -1.80949 -0.0623354 -28.8155 
-0.295458 -0.0987913 -0.113327 -1.95288 0.258 -29.3253 
-0.276859 -0.0890908 -0.133489 -1.79006 0.0792951 -29.3996 
-0.242375 -0.146387 0.269055 -2.25737 0.227775 -27.8678 
-0.312659 -0.0729991 -0.718284 -1.78256 0.31012 -31.7324 
-0.258372 -0.0769518 -0.0113183 -1.6144 0.159607 -28.8158 
-0.297343 -0.076943 -0.073558 -2.03744 0.391778 -29.2579 
-0.188191 -0.0782784 -0.0932976 -1.74404 -0.331067 -29.2592 
-0.278791 -0.146936 0.269044 -2.36162 0.261178 -27.8655 
-0.257513 -0.126033 -0.676533 -1.89903 -0.255741 -31.3562 
-0.312649 -0.0688684 -0.014447 -1.66398 -0.0736599 -29.1147 
-0.294698 -0.0789857 -0.112643 -1.7261 0.0610795 -29.2514 
-0.276905 -0.0895134 -0.114214 -1.79334 -0.0429452 -29.4021 
-0.225503 -0.136041 0.229724 -2.30575 0.182326 -27.9392 
-0.25915 -0.146156 -0.696562 -2.23543 -0.117292 -31.4265 
-0.258377 -0.100703 -0.0319515 -1.75893 -0.457834 -28.8834 
-0.277759 -0.109972 -0.0719056 -2.02544 -0.0922481 -29.0273 
-0.241229 -0.109531 -0.151465 -1.91999 -0.00825647 -29.245 
-0.191735 -0.133257 0.273261 -2.51158 0.477879 -27.4944 
-0.205056 -0.13422 -0.651801 -2.0666 -0.13457 -30.8324 
-0.276163 -0.0665203 -0.011968 -1.54779 0.264503 -28.8919 
-0.242174 -0.109317 -0.110516 -2.02752 -0.0618819 -29.0237 
-0.276793 -0.111139 -0.153874 -1.92327 -0.165708 -29.4689 
-0.243388 -0.126359 0.269846 -2.24508 0.0418699 -27.7934 
-0.22287 -0.125261 -0.676415 -2.00927 -0.278129 -31.358 
-0.205916 -0.0874688 -0.0493492 -1.796 -0.0956339 -28.7349 
-0.204816 -0.108789 -0.147015 -1.81448 -0.0434025 -28.7938 
-0.239502 -0.110176 -0.132298 -1.70878 -0.141512 -29.248 
-0.278006 -0.125851 0.289251 -2.12681 0.314455 -27.7957 
-0.257513 -0.126033 -0.676533 -1.89903 -0.255741 -31.3562 
-0.294025 -0.0578879 -0.0150859 -1.49312 -0.00216737 -29.1931 
-0.240511 -0.0880106 -0.0731836 -1.68372 0.050737 -29.1842 
-0.258053 -0.097937 -0.171321 -1.73719 0.399591 -29.3198 
-0.243253 -0.146608 0.251929 -2.36636 0.168433 -27.6375 
-0.277124 -0.115802 -0.6578 -2.0502 -0.26207 -31.4342 
-0.276169 -0.0902712 -0.0326012 -1.69232 -0.352938 -28.9595 
-0.243369 -0.0477524 -0.108002 -1.76485 -0.258175 -28.8025 
-0.222563 -0.119549 -0.12925 -1.87635 -0.055553 -28.9457 
-0.224721 -0.136377 0.292061 -2.20144 -0.00542656 -27.4941 
-0.187333 -0.124837 -0.691309 -2.01339 -0.371746 -30.9032 
-0.221891 -0.0983546 -0.0294725 -1.64274 -0.119671 -28.6606 
-0.242265 -0.088549 -0.109655 -1.90233 -0.0670758 -28.9503 
-0.239594 -0.0893117 -0.129216 -1.58296 -0.147577 -28.9479 
-0.206884 -0.146385 0.273435 -2.26477 0.0119178 -27.4155 
-0.187424 -0.104069 -0.690448 -1.88819 -0.37694 -30.8299 
-0.220188 -0.0786663 -0.0675185 -1.3078 -0.263837 -28.5813 
-0.221823 -0.0988857 -0.0897674 -1.64483 -0.124516 -28.8784 
-0.311503 -0.0897662 -0.131388 -1.67918 0.100812 -29.1711 
-0.277156 -0.126717 0.291293 -2.02459 0.121857 -27.5685 
-0.293974 -0.105391 -0.694958 -1.8748 -0.105291 -31.2781 
-0.258443 -0.0786544 -0.0115665 -1.62571 -0.212831 -28.8142 
-0.223551 -0.0982404 -0.108935 -1.85603 0.0087393 -28.8753 
-0.205758 -0.108768 -0.110505 -1.92327 -0.0952854 -29.026 
-0.189021 -0.155114 0.274333 -2.32006 0.279459 -27.3411 
-0.204203 -0.113666 -0.691889 -1.83387 -0.0861389 -30.9804 
-0.203244 -0.107611 0.0293222 -1.595 -0.0381394 -28.5946 
-0.240261 -0.127652 -0.0702179 -1.92154 0.43182 -28.879 
-0.186998 -0.118037 -0.129061 -1.87369 0.10277 -28.9486 
-0.206969 -0.101866 0.29493 -1.99504 0.624165 -27.2746 
-0.22188 -0.122626 -0.671656 -1.8838 0.273277 -30.9072 
-0.202185 -0.127217 0.00925543 -1.604 0.270006 -28.6666 
-0.18702 -0.117083 -0.0880418 -1.86832 0.229856 -28.7283 
-0.257941 -0.117136 -0.145998 -1.85247 0.652368 -28.7169 
-0.18821 -0.132749 0.314064 -2.07723 0.582934 -27.2754 
-0.18634 -0.122394 -0.690991 -1.88917 0.181403 -30.906 
-0.204163 -0.0652206 -0.0483477 -1.445 0.260594 -28.6638 
-0.15065 -0.116957 -0.0687554 -1.76736 0.074212 -28.7331 
-0.186211 -0.0970478 -0.111074 -1.63952 0.156918 -29.1056 
-0.189176 -0.112394 0.29336 -2.06228 0.52014 -27.4253 
-0.190018 -0.0995625 -0.614535 -2.18411 0.455025 -31.0713 
-0.222832 -0.07672 -0.0306532 -1.61977 0.0677328 -28.8146 
-0.188838 -0.11738 -0.0708783 -2.08673 0.119502 -28.957 
-0.18801 -0.119719 -0.0928001 -1.9938 -0.32155 -29.1791 
-0.204278 -0.125196 0.272039 -1.81281 0.177291 -27.5707 
-0.205007 -0.13399 -0.675517 -2.06457 -0.0105876 -31.2835 
-0.239656 -0.0867396 -0.0128185 -1.56874 0.236293 -28.9676 
-0.22357 -0.0974794 -0.0723558 -1.85192 0.137568 -29.1087 
-0.221774 -0.0986558 -0.113483 -1.6428 -0.000533479 -29.3295 
-0.207823 -0.124847 0.270035 -2.24242 0.200193 -27.7963 
-0.205975 -0.113539 -0.694001 -2.049 -0.0742522 -31.2066 
-0.203242 -0.0860941 -0.0105877 -1.46386 0.202019 -28.7432 
-0.223615 -0.0762885 -0.0907701 -1.72345 0.254614 -29.0329 
-0.241433 -0.0887506 -0.0732537 -1.79663 -0.129974 -29.1831 
-0.209709 -0.102903 0.312023 -2.32635 0.3331 -27.5021 
-0.170391 -0.134402 -0.692702 -2.18221 -0.284044 -31.0544 
-0.261041 -0.0762855 0.00602327 -1.9344 0.24098 -29.045 
-0.22357 -0.0974794 -0.0723558 -1.85192 0.137568 -29.1087 
-0.170978 -0.128342 -0.130523 -2.15543 0.00976084 -29.0986 
-0.190028 -0.133045 0.331228 -2.29564 0.47258 -27.504 
-0.241514 -0.113771 -0.674666 -2.04363 0.017622 -31.2078 
-0.224514 -0.0972657 -0.0314065 -1.95946 0.0839421 -28.8873 
-0.260167 -0.0565883 -0.072864 -1.70642 0.161454 -29.1864 
-0.22371 -0.0793675 -0.112762 -1.74341 -0.36715 -29.2539 
-0.224701 -0.137234 0.253262 -2.20618 -0.133384 -27.4875 
-0.241651 -0.0934254 -0.654529 -1.92172 -0.109812 -31.1369 
-0.27886 -0.0886512 0.0257597 -2.00695 -0.14448 -28.9684 
-0.260148 -0.0789628 -0.0717534 -1.84229 -0.206661 -29.0313 
-0.278769 -0.0685225 -0.113244 -1.88264 -0.0371237 -29.3282 
-0.244309 -0.124769 0.332539 -2.34396 0.23757 -27.3494 
-0.224736 -0.104174 -0.673225 -2.09795 -0.273179 -31.0573 
-0.241546 -0.0670286 -0.031373 -1.66606 -0.00808234 -28.8896 
-0.207599 -0.108014 -0.0501025 -2.13568 -0.0794247 -28.8076 
-0.206723 -0.0884136 -0.13121 -1.90833 -0.158079 -29.1759 
-0.260192 -0.134809 0.313864 -2.18413 0.458014 -27.2702 
-0.259352 -0.103762 -0.65604 -1.9803 0.000277615 -31.2864 
-0.276143 -0.0673777 -0.0507673 -1.55253 0.136546 -28.8854 
-0.242266 -0.110163 -0.071965 -2.03409 -0.306363 -29.0286 
-0.240536 -0.0892906 -0.0927073 -1.69175 -0.19946 -29.1801 
-0.260396 -0.0947455 0.291623 -1.94303 0.199171 -27.573 
-0.240709 -0.115156 -0.655569 -1.94532 -0.296345 -31.2097 
-0.241501 -0.0882195 -0.0129587 -1.79454 -0.125129 -28.9653 
-0.241387 -0.088328 -0.0925292 -1.79334 -0.00773375 -29.1807 
-0.222697 -0.0993958 -0.113553 -1.7557 -0.181245 -29.3283 
-0.224833 -0.114751 0.331722 -2.07151 0.117336 -27.4273 
-0.223792 -0.126001 -0.676485 -2.12218 -0.45884 -31.3568 
-0.24148 -0.0890769 -0.051758 -1.79928 -0.253086 -28.9588 
-0.259224 -0.0783192 -0.0739034 -1.73002 -0.0250781 -29.2592 
-0.204905 -0.109827 -0.112903 -1.82231 -0.286141 -29.2522 
-0.241746 -0.082485 0.310508 -1.76415 0.520861 -27.6555 
-0.188249 -0.101922 -0.672966 -1.98239 0.0658552 -31.0613 
-0.222943 -0.0550944 0.00900738 -1.48984 0.190496 -28.7478 
-0.205823 -0.0867199 -0.0901204 -1.79006 0.149718 -28.9568 
-0.187735 -0.117183 -0.208454 -1.97408 0.411892 -29.1644 
-0.224807 -0.0918574 0.313556 -1.93172 0.606821 -27.3532 
-0.206086 -0.0919137 -0.654341 -1.91906 0.0485108 -31.1398 
-0.189111 -0.0766883 -0.0306046 -1.84292 -0.135366 -28.8152 
-0.171272 -0.0867934 -0.0514505 -1.90687 -0.117151 -28.9634 
-0.206652 -0.086711 -0.130962 -1.89702 0.214359 -29.1775 
-0.172282 -0.122285 0.313463 -2.23377 0.48473 -27.3522 
-0.206036 -0.0893537 -0.615293 -1.90301 0.548905 -31.148 
-0.188029 -0.0949176 -0.0289276 -1.84327 0.422105 -28.6645 
-0.207662 -0.064449 -0.0696274 -1.87133 0.405737 -28.8869 
-0.223522 -0.0755397 -0.131541 -1.7175 0.499966 -29.2547 
-0.244372 -0.0812033 0.313014 -2.0796 0.722732 -27.4287 
-0.241514 -0.113771 -0.674666 -2.04363 0.017622 -31.2078 
-0.241656 -0.0454993 0.00606752 -1.53676 0.115552 -29.0495 
-0.225459 -0.0777685 -0.0909103 -1.94925 -0.106808 -29.0306 
-0.241341 -0.0879054 -0.111805 -1.79006 0.114507 -29.1782 
-0.22665 -0.0934337 0.311196 -2.15816 0.24627 -27.5777 
-0.243313 -0.114828 -0.694082 -2.26615 -0.22156 -31.2031 
-0.259247 -0.0773655 -0.032884 -1.72465 0.102008 -29.039 
-0.243114 -0.0876827 -0.111697 -2.00455 0.125522 -29.1776 
-0.206723 -0.0884136 -0.13121 -1.90833 -0.158079 -29.1759 
-0.224762 -0.113048 0.33197 -2.0602 0.489774 -27.429 
-0.22289 -0.102791 -0.675305 -1.87277 0.0891145 -31.2863 
-0.189157 -0.0771109 -0.011329 -1.84621 -0.257607 -28.8177 
-0.206655 -0.108228 -0.0910517 -2.02815 -0.0257992 -29.029 
-0.189738 -0.119073 -0.111968 -2.20501 -0.188295 -29.1761 
-0.191087 -0.113439 0.351294 -2.28663 0.164435 -27.432 
-0.206041 -0.113105 -0.635926 -2.04754 -0.0685356 -31.2156 
-0.205196 -0.0660448 0.0267126 -1.56036 -0.0357691 -28.9009 
-0.243226 -0.0660571 -0.0720363 -1.87462 0.248285 -29.1108 
-0.205801 -0.0876737 -0.13114 -1.79543 0.0226324 -29.177 
-0.208744 -0.123257 0.332728 -2.3413 0.395894 -27.3523 
-0.189192 -0.101805 -0.634237 -2.09055 0.013101 -31.0667 
-0.205937 -0.0866114 -0.0105498 -1.79126 0.032323 -28.7415 
-0.242214 -0.085989 -0.0706074 -1.88627 0.433319 -28.9585 
-0.170419 -0.0662389 -0.0915385 -1.67415 -0.0687191 -29.1114 
-0.189244 -0.111863 0.353655 -2.0602 0.524986 -27.2075 
-0.188225 -0.100546 -0.651223 -1.97373 0.315181 -30.8386 
-0.189042 -0.0748893 -0.0281364 -1.83098 0.2362 -28.5901 
-0.18893 -0.096515 -0.067797 -1.96091 0.113437 -28.6569 
-0.204926 -0.0872599 -0.109574 -1.68518 0.0802318 -28.9538 
-0.171452 -0.122294 0.354304 -2.12681 0.42009 -27.1314 
-0.153473 -0.142917 -0.650855 -2.34504 -0.070128 -30.7586 
-0.206787 -0.0640353 -0.0480617 -1.76108 0.463336 -28.6637 
-0.187962 -0.0953524 -0.0870024 -1.84472 0.416388 -28.6555 
-0.187983 -0.0752116 -0.148656 -1.72224 0.40722 -29.0267 
-0.188413 -0.0903546 0.354586 -1.8221 0.700503 -27.1353 
-0.188179 -0.100123 -0.670498 -1.97044 0.437421 -30.8361 
-0.188996 -0.0744667 -0.0474119 -1.82769 0.35844 -28.5876 
-0.205823 -0.0867199 -0.0901204 -1.79006 0.149718 -28.9568 
-0.205756 -0.108865 -0.112725 -1.9239 -0.094414 -29.2528 
-0.222139 -0.114137 0.333904 -1.74349 0.286161 -27.2023 
-0.187283 -0.122277 -0.652262 -1.99733 0.128649 -30.9114 
-0.205891 -0.0861888 -0.0298254 -1.78797 0.154563 -28.739 
-0.241363 -0.0869517 -0.0707855 -1.78468 0.241592 -28.958 
-0.241503 -0.0688397 -0.111192 -1.67618 -0.263125 -29.1032 
-0.260418 -0.0937917 0.332642 -1.93766 0.326257 -27.3528 
-0.278178 -0.0724451 -0.6171 -1.89666 0.0472255 -31.2946 
-0.242377 -0.0885369 -0.0323044 -1.90416 -0.1836 -28.9618 
-0.224584 -0.0773547 -0.0693445 -1.839 -0.0492087 -28.8074 
-0.24049 -0.088868 -0.111983 -1.68847 -0.0772199 -29.1777 
-0.224879 -0.115174 0.350997 -2.0748 -0.00490385 -27.4298 
-0.224691 -0.125365 -0.654811 -2.22642 -0.390225 -31.1331 
-0.259249 -0.0988826 0.00702592 -1.85578 -0.138151 -28.8905 
-0.258238 -0.0995311 -0.0919982 -1.7497 -0.0902417 -29.1028 
-0.241366 -0.0891854 -0.131329 -1.79808 -0.135691 -29.1741 
-0.225821 -0.0934426 0.352037 -2.05119 0.181629 -27.357 
-0.223859 -0.103857 -0.65388 -1.98833 -0.214708 -31.0608 
-0.277155 -0.0690593 -0.0145063 -1.67264 -0.287774 -29.1159 
-0.223687 -0.0996047 -0.0533283 -1.86652 -0.35711 -29.1095 
-0.259807 -0.141799 -0.134632 -2.21995 -0.195924 -29.4691 
-0.278301 -0.0842056 0.370544 -1.87762 0.186672 -27.4338 
-0.241722 -0.095128 -0.654778 -1.93303 -0.48225 -31.1353 
-0.259363 -0.0578772 -0.0515465 -1.60748 -0.153384 -28.9616 
-0.277063 -0.068214 -0.0530575 -1.66606 -0.0432938 -29.111 
-0.224607 -0.0788275 -0.0933084 -1.84829 -0.297663 -29.2569 
-0.241839 -0.0832339 0.351279 -1.77009 0.275509 -27.4337 
-0.205145 -0.113548 -0.65316 -1.94204 -0.138893 -30.9859 
-0.206813 -0.0869288 -0.0298955 -1.90087 -0.0261478 -28.7379 
-0.223752 -0.0559428 -0.0706332 -1.60154 0.12718 -28.962 
-0.205846 -0.0664828 -0.149554 -1.66695 0.139679 -29.1012 
-0.225822 -0.0933463 0.354257 -2.05056 0.180757 -27.1302 
-0.18834 -0.102768 -0.634415 -1.98896 -0.178625 -31.0662 
-0.223798 -0.0563655 -0.0513576 -1.60483 0.00493944 -28.9644 
-0.223615 -0.0762885 -0.0907701 -1.72345 0.254614 -29.0329 
-0.206563 -0.107383 -0.129603 -2.02158 0.218681 -29.0241 
-0.225932 -0.071817 0.391697 -1.92126 0.304392 -27.2902 
-0.205997 -0.112586 -0.652982 -2.04363 0.0528334 -30.9864 
-0.20504 -0.0871515 -0.0300035 -1.68638 -0.0371632 -28.7385 
-0.224513 -0.0756521 -0.0690964 -1.82769 0.323229 -28.8091 
-0.170193 -0.107257 -0.110317 -1.92062 0.0630377 -29.0289 
-0.190257 -0.0918346 0.354446 -2.04791 0.339081 -27.1331 
-0.206873 -0.112903 -0.672327 -2.15324 -0.00563736 -30.9828 
-0.223752 -0.0559428 -0.0706332 -1.60154 0.12718 -28.962 
-0.223661 -0.0767111 -0.0714945 -1.72673 0.132374 -29.0353 
-0.205892 -0.0669054 -0.130278 -1.67023 0.0174385 -29.1036 
-0.224044 -0.0914316 0.412472 -1.8233 0.547896 -27.1414 
-0.170457 -0.112354 -0.672317 -2.049 -0.0390408 -30.9851 
-0.187248 -0.0975829 -0.0293538 -1.75299 -0.142059 -28.6624 
-0.242305 -0.0652207 -0.0697461 -1.76108 0.428125 -28.8852 
-0.171206 -0.0872282 -0.109525 -1.90833 -0.122867 -28.9544 
-0.206186 -0.102298 0.355047 -1.89137 0.437284 -27.0563 
-0.152778 -0.101063 -0.629786 -1.98504 -0.022045 -30.6155 
-0.18819 -0.0758519 -0.0283144 -1.72939 0.0444735 -28.5896 
-0.188122 -0.0763831 -0.0886094 -1.73147 0.0396282 -28.8073 
-0.205826 -0.0889536 -0.150663 -1.80345 -0.227565 -29.1729 
-0.241997 -0.0620308 0.410215 -1.64345 0.276032 -27.3693 
-0.223028 -0.0823485 -0.652948 -1.75023 -0.039191 -30.9886 
-0.240624 -0.0662886 -0.0313029 -1.55316 0.172629 -28.8907 
-0.189019 -0.075843 -0.0691557 -1.83635 0.109114 -28.8103 
-0.222674 -0.0979231 -0.0895894 -1.74642 0.0672101 -28.8789 
-0.207175 -0.102603 0.413052 -2.00282 0.262289 -27.0642 
-0.206088 -0.0918173 -0.65212 -1.91843 0.0476395 -30.913 
-0.206882 -0.0671142 -0.0700536 -1.78105 -0.158427 -28.8848 
-0.24233 -0.0665007 -0.0892699 -1.76911 0.177928 -28.8811 
-0.204054 -0.0890799 -0.148551 -1.58833 -0.239452 -28.9467 
-0.208141 -0.0822484 0.392347 -1.98787 0.199496 -27.2141 
-0.223028 -0.0823485 -0.652948 -1.75023 -0.039191 -30.9886 
-0.205891 -0.0861888 -0.0298254 -1.78797 0.154563 -28.739 
-0.242305 -0.0652207 -0.0697461 -1.76108 0.428125 -28.8852 
-0.170219 -0.10844 -0.12762 -1.92801 -0.188031 -28.798 
-0.225035 -0.072357 0.372244 -1.81639 0.234906 -27.2872 
-0.188342 -0.102671 -0.632195 -1.98833 -0.179497 -30.8394 
-0.224605 -0.0764974 -0.0305452 -1.83426 0.0787482 -28.814 
-0.187228 -0.0984402 -0.0681531 -1.75773 -0.270016 -28.6558 
-0.205016 -0.066588 -0.110933 -1.56062 0.0759093 -29.1072 
-0.208232 -0.0614801 0.393208 -1.86268 0.194302 -27.1407 
-0.188277 -0.124623 -0.65036 -2.12092 -0.425371 -30.6819 
-0.243435 -0.0473176 -0.0499275 -1.76339 -0.252458 -28.8115 
-0.240607 -0.0692833 -0.128425 -1.57067 -0.333482 -28.8735 
-0.281373 -0.0681946 -0.151758 -2.20347 0.0376613 -29.3215 
-0.261452 -0.0945196 0.409923 -2.0524 0.0290223 -27.3631 
-0.277191 -0.0936571 -0.635194 -1.91635 -0.0179381 -31.1382 
-0.223825 -0.0791626 -0.0309714 -1.74399 -0.485416 -28.8118 
-0.276257 -0.0479858 -0.0716498 -1.436 -0.117974 -29.0347 
-0.243301 -0.069897 -0.130607 -1.8987 -0.502307 -29.0985 
-0.279314 -0.0641772 0.371335 -1.86534 0.000767432 -27.3593 
-0.259561 -0.0850228 -0.633932 -1.86908 -0.500465 -30.9871 
-0.242584 -0.0482802 -0.0501056 -1.6618 -0.444185 -28.811 
-0.260239 -0.0581945 -0.0708921 -1.7171 -0.211854 -28.958 
-0.260192 -0.0578683 -0.0923878 -1.71444 -0.0887428 -29.1823 
-0.244694 -0.0624518 0.412473 -1.97021 0.105465 -27.1408 
-0.260366 -0.0836375 -0.653029 -1.96738 -0.186499 -30.9852 
-0.242559 -0.0470003 -0.0305818 -1.65377 -0.193987 -28.8151 
-0.260193 -0.0577719 -0.0901677 -1.71381 -0.0896141 -28.9555 
-0.260217 -0.0591482 -0.111912 -1.72247 -0.33894 -29.1782 
-0.280257 -0.0640598 0.410064 -1.9735 -0.0519867 -27.3647 
-0.243452 -0.116 -0.634035 -2.27537 -0.589152 -30.9837 
-0.279922 -0.0495693 -0.0501864 -1.87895 -0.591492 -28.8075 
-0.276149 -0.0910322 -0.0691804 -1.69643 -0.481766 -28.7262 
-0.278821 -0.0925996 -0.112382 -2.02983 -0.777676 -29.1714 
-0.260628 -0.0966658 0.392441 -1.9582 -0.413773 -27.1317 
