-0.0126966 0.124141 -0.810795 0.430916 0.209452 -2.42287 
-0.0519328 -0.00685063 -0.0753766 -0.146846 0.618946 -0.132246 
-0.0509618 -0.0225953 -0.171633 -0.233827 0.854568 -0.180561 
-0.0201763 0.09575 -0.285308 0.0537007 0.255837 -0.172249 
0.011491 -0.107608 0.191849 -1.39566 0.353593 0.77856 
-0.0144086 0.126685 -0.770768 0.340458 0.517845 -1.98344 
-0.0692271 -0.0374126 -0.0943749 -0.429207 0.664725 -0.131898 
-0.0551916 -0.0257617 -0.13426 -0.905073 0.621581 -0.422291 
0.0499093 0.0962115 -0.251476 0.143004 -0.223392 -0.613223 
-0.0042774 -0.115736 0.0970488 -1.32073 0.508803 0.872191 
0.0489973 0.145013 -0.984505 -0.705597 -0.594677 -2.33177 
0.0181384 0.0139101 -0.134549 0.0945984 4.04438e-005 -0.0426723 
-0.0528342 -0.00270401 -0.170951 -0.329817 0.854477 -0.110466 
-0.0189513 0.0386109 -0.248228 -0.186446 0.570128 -0.169159 
-0.0217143 -0.103741 0.136641 -1.14945 0.923265 1.01742 
0.0211218 0.0909766 -0.811634 0.124517 0.549792 -2.11178 
-0.00218157 0.00254794 -0.0773576 -0.414691 0.118976 -0.208152 
-0.0699754 -0.0114998 -0.189318 -0.378484 1.08114 -0.0319835 
0.0019847 0.00920631 -0.250356 0.0634168 0.463908 -0.381315 
0.00829255 -0.103822 0.191814 -1.81206 0.725123 0.781434 
0.0390665 0.175806 -0.772377 0.949056 0.00991168 -2.12672 
-0.000851374 0.00572883 -0.114704 -0.173753 0.355794 0.0282947 
-0.00336288 0.0272299 -0.249609 -0.57741 0.284755 -0.321904 
0.117374 0.0992683 -0.293149 -0.167687 -0.587231 -0.820801 
0.065192 -0.0312993 0.0570616 -0.617276 0.317795 0.745467 
0.0734197 0.158683 -0.775265 0.725871 -0.0140726 -2.41337 
0.0176367 -0.00566671 -0.116112 -0.134409 0.0665907 -0.119166 
-0.0373227 -0.0134101 -0.248752 -0.812344 0.499564 -0.250705 
0.0187273 0.0186093 -0.193791 0.107553 0.364417 -0.464672 
0.0259584 -0.0716103 0.0770643 -1.60751 0.602894 0.804982 
-0.0134345 0.12796 -0.809003 0.459518 0.573564 -1.97317 
-0.0488032 0.0142262 0.00164859 0.60872 0.865542 -0.0613324 
0.0513143 0.0585815 -0.118215 0.218897 0.221062 -0.551018 
0.0506087 0.0387724 -0.233489 -0.202455 0.0282696 -0.609016 
0.0946306 -0.0291676 0.132229 -1.26785 0.365296 0.731896 
-0.0462744 0.106266 -0.865707 0.450773 0.596444 -2.04137 
0.0663667 0.104312 -0.040218 0.384965 -0.187391 -0.280045 
0.0483138 0.0785478 -0.232137 -0.179279 0.0261724 -0.466186 
-0.00291341 0.0482974 -0.173484 -0.259501 0.536974 -0.477047 
-0.0251104 -0.0661477 0.118938 -1.34612 0.675646 1.15597 
-0.0485216 0.107487 -0.789298 0.226558 0.852706 -2.05376 
0.030651 0.0633555 -0.0593664 -0.177784 -0.0315018 -0.431145 
0.0162232 0.000996895 -0.289984 -0.524266 0.420976 -0.52367 
-0.0187121 0.0754435 -0.192317 0.116714 0.393599 -0.700154 
0.0970713 -0.051272 0.111552 -1.18389 0.119744 0.439387 
0.0192743 0.20488 -0.790281 0.801686 0.0533807 -2.13158 
-0.0527906 0.0148754 -0.0765847 -0.143003 0.805335 -0.498298 
0.103608 0.0891759 -0.27332 0.310048 -0.42203 -0.744666 
0.000115443 0.0461172 -0.191652 0.173469 0.283914 -0.252632 
-0.0057534 -0.0933794 0.134965 -1.31407 0.820572 0.722037 
-0.0139935 0.145914 -0.81015 0.449456 0.392253 -2.34738 
-0.036411 0.00355828 -0.0751998 -0.296766 0.512666 0.0139187 
-0.0207071 -0.00491433 -0.249478 -0.868988 0.21027 -0.328072 
-0.0347448 -0.0134923 -0.134161 -0.295003 0.692447 -0.262802 
0.04737 -0.102297 0.113159 -1.26156 0.43904 0.585194 
-0.046723 0.105291 -0.808379 0.437025 0.603354 -2.05276 
-0.0729697 0.0425058 -0.187198 -0.364577 0.526447 0.170027 
0.030597 0.0678698 -0.250467 -0.342476 0.069945 -0.393102 
-0.0348456 0.0064595 -0.24811 -0.262871 0.493728 -0.172685 
-0.0212657 -0.102766 0.0793136 -1.13571 0.916354 1.02881 
-0.132024 0.0515352 -0.803613 0.255576 0.948762 -1.47491 
-0.036591 -0.0159508 -0.171381 -0.612806 0.382503 -0.0451954 
0.015429 0.019231 -0.155567 -0.327285 0.49542 -0.47483 
-0.00101486 0.00605638 -0.21207 -0.385326 0.227212 -0.39963 
0.0269358 -0.0533157 0.0968499 -1.28241 0.47871 0.873844 
0.0229629 0.129476 -0.888558 0.572364 0.293106 -2.39546 
0.0323299 0.0643469 -0.115781 0.0584674 -0.0421207 -0.19634 
-0.0503227 -0.102731 -0.212494 -0.92111 0.737334 -0.469273 
-0.00304032 0.0473902 -0.230775 -0.360282 0.347171 -0.471057 
0.0454737 -0.0199203 0.0575564 -0.879123 0.610707 0.669513 
-0.0295079 0.0963918 -0.771614 0.371214 0.626132 -2.20234 
0.0138897 -0.00601998 -0.0205595 -0.582996 0.204505 -0.140714 
-0.0396177 0.0263653 -0.247401 -0.789168 0.497467 -0.107875 
-0.000563112 0.024051 -0.211376 -0.165537 0.0403987 -0.329651 
0.0139815 -0.0849218 0.133286 -0.947757 0.529241 0.429181 
-0.0464535 0.106849 -0.828436 0.438894 0.725411 -2.26702 
-0.0527018 0.0121499 -0.131071 -0.121113 0.425344 0.167254 
0.0148295 0.0366256 -0.193058 -0.318119 0.183348 -0.402619 
-0.0160807 -0.042491 -0.230861 -0.44982 0.45418 -0.243204 
0.0113608 -0.0823265 0.0577819 -1.34775 0.64463 0.662576 
-0.0139434 0.104288 -0.810524 0.103946 0.211579 -2.27748 
-0.0370897 0.0247008 -0.113679 -0.281045 0.570087 -0.126487 
0.0139574 0.0786509 -0.28727 -0.162136 0.23006 -0.238125 
0.0164761 -0.0172812 -0.308856 -0.626864 0.541452 -0.369118 
0.00983489 -0.0615517 0.114828 -1.35031 0.836135 0.505907 
-0.0495727 0.106887 -0.827483 0.0159344 0.727447 -2.05153 
0.0486707 0.0573375 -0.0790394 -0.107968 0.165464 -0.34316 
-0.00123449 0.0492889 -0.229899 -0.02325 0.526355 -0.242243 
-0.0368233 0.00923967 -0.191757 -0.485217 0.872047 -0.399333 
0.047296 0.00181503 0.0572482 -0.437624 0.791471 0.529517 
-0.0310347 0.097074 -0.84802 0.0644966 0.558507 -2.19248 
-0.107159 0.000867153 -0.129939 -0.620608 0.749961 0.00906233 
-0.0181561 -0.00273937 -0.230436 -0.433993 0.453877 -0.321147 
0.00129039 0.0306048 -0.154199 0.278832 0.778878 -0.319444 
0.04418 -0.0243359 0.134978 -1.00927 0.312668 0.866981 
0.0213236 0.187478 -0.752803 1.00767 0.363537 -2.20115 
-0.0564466 0.0519325 -0.129707 -0.313092 0.425162 0.307443 
0.0325963 0.0488858 -0.193859 -0.145705 0.259839 -0.469187 
0.0180247 0.0590287 -0.2698 0.246971 0.292658 -0.527467 
0.0303005 -0.0325186 0.0383115 -0.733889 0.469551 0.521707 
0.00162098 0.155392 -0.86819 0.191406 0.0979635 -2.416 
-0.0211452 -0.0279831 -0.0954161 -0.904858 0.164876 0.0103274 
0.00186092 0.0253187 -0.249625 0.168677 0.0942025 -0.316736 
-0.0333292 -0.0153377 -0.249681 -0.28876 0.312721 -0.468953 
-0.00397884 -0.0330905 0.0595991 -0.625182 0.742977 0.737262 
-0.081631 0.0842348 -0.825946 0.215944 0.753529 -1.90771 
0.00540485 -0.134081 -0.157612 -0.573068 0.238833 -0.470701 
-0.0871751 0.0903885 -0.149938 0.43204 0.572541 -0.425239 
-0.0337018 0.00612854 -0.268142 -0.160377 0.430978 -0.389701 
0.0285312 0.00755674 0.0587553 -0.605402 0.530083 0.663422 
0.00384937 0.137407 -0.867983 0.409273 0.279153 -2.25992 
-0.0170676 0.0599272 -0.037479 0.54631 1.07798 -0.119384 
0.0395976 0.0310872 -0.0609078 0.90262 0.696419 -0.544453 
-0.0190565 -0.021709 -0.173802 -0.667531 0.6476 -0.402515 
0.0292673 0.0852878 -0.0522493 0.107352 0.13683 1.1924 
0.058127 0.149273 -0.831844 0.896888 0.0835039 -2.32737 
-0.0350642 -0.016633 -0.0949746 -0.306089 0.450128 -0.0550595 
0.0026082 0.0657309 -0.325647 0.523249 0.0205293 -0.376889 
0.00063572 -0.0107383 -0.136393 -0.183869 0.664542 -0.474073 
-0.00339286 -0.131829 -0.0201532 -1.52772 0.685383 0.383445 
0.0358816 0.1392 -0.812861 0.0763503 0.261988 -2.48786 
-0.0014562 0.00917675 -0.134785 -0.27251 0.662658 -0.183205 
0.0312017 0.107631 -0.249142 0.111008 0.0640179 -0.244988 
-0.0177305 0.037605 -0.19184 0.00761085 0.576917 -0.39868 
-0.00764978 -0.0110025 0.079363 -0.931638 0.992238 0.806356 
0.00302814 0.157898 -0.829116 0.523907 0.404321 -2.19206 
-0.0197693 0.0329131 -0.132584 -0.220498 0.214455 0.0206778 
0.0172941 -0.00475565 -0.176206 -0.357861 0.0669759 -0.772738 
-0.0371197 -0.0332704 -0.248495 -0.92416 0.499777 -0.102668 
0.028399 -0.050506 0.0376315 -1.16883 0.658279 0.449087 
0.0205649 0.149067 -0.906968 0.371063 0.230385 -2.32425 
-0.0198484 -0.00654781 -0.114817 -0.56867 0.283012 -0.128552 
-0.0209237 0.0985466 -0.228042 0.0538569 0.630447 -0.175482 
0.0511373 0.0993009 -0.175131 0.463626 0.211933 -0.61493 
0.0321938 -0.131915 0.0358926 -1.32236 0.477787 0.3788 
-0.0293527 0.115085 -0.846414 0.506789 0.367985 -1.89908 
-0.0192198 0.0139362 -0.0759629 -0.238882 0.406264 -0.0580487 
0.0107487 0.0181132 -0.346528 -1.26587 0.0520201 -0.458269 
0.0158037 0.0379006 -0.231294 -0.199059 0.239067 -0.392345 
0.0656311 -0.0313468 0.0552086 -0.631973 0.321382 0.30392 
0.0383087 0.157488 -0.793089 0.616606 0.135889 -2.41636 
-0.0209892 0.0540116 -0.0555191 -0.110395 0.466796 0.0836657 
0.0152312 0.0962468 -0.191991 0.24718 0.177209 -0.402542 
-0.0513655 0.0140524 -0.24758 -0.108315 0.41511 -0.251513 
0.0286185 -0.0505297 0.036705 -1.17618 0.660072 0.228314 
0.00135878 0.157929 -0.828176 0.316102 0.404442 -1.97392 
-0.0535231 0.0326412 -0.0922043 -0.00647915 0.550511 0.235116 
-0.0183092 0.0187032 -0.249824 -0.31296 0.573927 -0.462669 
-1.3747e-005 0.048283 -0.173511 0.170807 0.533144 -0.471764 
0.0792774 -0.0180662 -0.00195339 -1.08392 0.394914 0.46159 
0.0399585 0.1206 -0.850866 0.513902 0.31409 -2.32427 
-0.0191034 0.0369373 -0.115407 -0.11598 0.648371 -0.413828 
0.0191206 -0.0391534 -0.195823 -0.350566 0.555242 -0.680123 
0.000534867 0.00921355 -0.250343 -0.151737 0.465823 -0.383957 
0.028246 -0.0722722 0.037 -1.40253 0.477393 0.370951 
-0.0146095 0.186681 -0.865213 0.708883 0.379537 -1.96974 
-0.00135732 0.0422851 -0.0769593 0.0314436 0.114843 -0.280811 
-0.00260508 0.0455482 -0.228897 -0.24496 0.158777 -0.032268 
0.000534867 0.00921355 -0.250343 -0.151737 0.465823 -0.383957 
0.050634 -0.0615482 -0.059329 -0.680901 0.231162 0.323173 
0.00439884 0.11843 -0.811362 0.390889 0.470962 -2.33864 
-0.0542278 0.0329247 -0.0740251 -0.12367 0.616849 0.010585 
0.0500569 0.0608222 -0.214678 -0.0859521 0.275494 -0.755412 
-0.0167562 -0.00432881 -0.21132 -0.228057 0.331699 -0.325021 
0.0625545 0.00938709 -0.001681 -0.817552 0.316083 0.234725 
-0.0332797 0.138432 -0.865799 0.0968896 0.676673 -2.04313 
-0.00108046 0.00473013 -0.0583027 -0.19485 0.364498 -0.203868 
-0.0190805 0.0407766 -0.230086 -0.189108 0.819358 -0.388291 
0.0310726 0.0665876 -0.212244 -0.246382 0.0123112 -0.400734 
-0.00182349 -0.0918151 -0.00158905 -0.983626 0.745672 0.0888964 
0.0376396 0.179653 -0.887044 0.660773 0.182813 -2.10383 
-0.0506256 -0.00750913 0.00195683 0.167221 0.684777 0.0786636 
-0.00109183 0.00673136 -0.28849 -0.47689 0.157672 -0.387124 
-0.0461359 0.0394021 -0.0187535 1.16662 1.35126 -0.410187 
-0.0031703 -0.0716238 0.0181857 -0.974303 0.80821 0.157875 
0.00278462 0.220407 -0.884474 1.00968 0.574284 -1.95706 
-0.00169335 0.0625166 -0.0553448 0.270618 0.171879 0.232356 
-0.0214096 0.035505 -0.325487 -0.729571 0.138512 -0.390867 
-0.0174609 -0.0040453 -0.193141 -0.345248 0.398037 -0.549552 
0.0286477 -0.012651 0.0380674 -0.837227 0.471253 0.371028 
0.0397846 0.178339 -0.849761 0.964673 0.125058 -2.32959 
-0.0170279 -0.0460232 -0.0970758 -0.486534 0.347738 -0.272499 
0.0336901 0.0469726 -0.194761 -0.0524293 0.076825 -0.692718 
0.0327493 0.0274432 -0.174471 -0.266739 0.139788 -0.327665 
0.101257 -0.00775739 -0.00460944 -0.395275 0.286354 -0.0439988 
0.00647728 0.138907 -0.772521 0.935831 0.592299 -2.2655 
0.000815816 -0.034438 -0.0214562 -0.222556 0.493768 -0.351573 
0.137013 0.0916372 -0.294632 0.100716 -0.51065 -0.957463 
0.03379 0.050137 -0.233021 -0.0339943 0.317351 -0.679687 
0.0640542 0.0109621 -0.0208242 -0.593181 0.434431 0.243883 
0.0206711 0.186271 -0.829186 0.801581 0.111106 -2.19404 
0.0332085 0.00632441 -0.135065 -0.275112 0.0805734 0.0335134 
-0.0205302 -0.0024249 -0.211317 -0.75899 0.520336 -0.327547 
-0.00325985 0.0474139 -0.229848 -0.352933 0.345378 -0.250284 
0.0636213 0.00973112 -0.0981334 -0.806622 0.183793 0.0302158 
-0.0290593 0.0973668 -0.828941 0.384962 0.619221 -2.19095 
-0.0383572 0.0411442 -0.0929165 -0.278278 0.263132 0.155108 
-0.0188316 0.0354228 -0.210895 -0.21223 0.331395 -0.402964 
0.0144891 0.156199 -0.170891 0.709986 0.23382 -0.18545 
0.0323924 -0.00922482 0.0179469 -0.290521 0.772372 0.167453 
0.0562711 0.189001 -0.832345 0.905366 0.0849938 -2.62609 
-0.052881 0.0127334 -0.0937999 -0.132993 0.554311 -0.0583932 
9.18143e-006 0.0521223 -0.288191 0.0976786 0.704131 -0.446227 
-0.0350414 0.0304152 -0.22841 -0.02449 0.922051 -0.0929085 
-0.00351685 -0.0292985 -0.0569339 -0.713008 0.917551 0.321252 
0.00212268 0.174969 -0.886626 0.420413 0.0314133 -2.3395 
-0.0528049 -0.00803412 -0.150833 -0.34559 0.364721 0.0956343 
0.0494576 0.035008 -0.233414 -0.431513 -0.337515 -0.619815 
-0.00185997 0.0458245 -0.210732 -0.146997 0.2232 -0.254158 
0.0125732 -0.0211027 -0.0767518 -0.874964 0.565628 0.245002 
-0.0132597 0.226718 -0.845722 1.26033 0.438033 -2.04352 
-0.0219687 -0.00441889 0.0188831 -0.692104 0.729076 -0.146933 
-0.015679 0.0171302 -0.229794 0.11548 0.448041 -0.243127 
0.0216457 0.0353585 -0.270434 0.544209 -0.076865 -0.603077 
0.0120507 0.0388257 -0.0565787 -0.419507 0.624032 0.241321 
-0.0125206 0.106538 -0.906087 0.236754 0.260388 -2.25581 
-0.105622 0.00120735 -0.109007 -0.285445 0.807088 0.452135 
0.0486863 0.10029 -0.232432 0.0470658 0.208852 -0.608824 
-0.0847998 -0.0262875 -0.227631 -0.237937 0.692549 -0.181431 
0.0489572 -0.0224038 -0.097102 -0.660544 0.103685 0.250104 
0.00627122 0.0985386 -0.812044 0.486878 0.471053 -2.40874 
-0.00160604 0.00443014 -0.0773951 -0.300162 0.301868 -0.202752 
0.0135991 0.0798179 -0.212727 -0.185895 0.487994 -0.68942 
0.00481932 0.194815 -0.88691 0.962537 0.0273708 -2.48225 
-0.0166895 0.00919887 -0.0176735 0.171123 0.0398515 0.148461 
0.0235463 0.0764621 -0.421963 1.02972 -0.223786 -0.427309 
-0.0195602 0.0549831 -0.230245 -0.205726 0.268553 -0.549885 
0.0504296 0.0393559 -0.196217 -0.214334 0.157237 -0.834664 
0.00729339 0.154456 -0.925533 0.951241 -0.0994991 -2.39944 
-0.0189898 -0.00818129 0.0198446 -0.268352 0.355753 0.070967 
-0.0164441 -0.00528348 -0.270463 -0.343535 0.145483 -0.760577 
-0.0360998 0.0257198 -0.286552 -0.361678 0.368257 -0.31849 
-0.0331763 0.00642854 -0.24905 -0.0550655 0.493607 -0.390817 
-0.0481303 0.145994 -0.866209 0.459251 0.597934 -2.34009 
-0.053752 -0.0115663 -0.0170472 -0.382304 0.258279 0.0663393 
-0.0153709 -0.014109 -0.232118 -0.27525 -0.64755 -0.784523 
-0.00335985 0.0874583 -0.210344 -0.0166407 0.405789 -0.326701 
-0.0829513 -0.026902 -0.265842 -0.0182522 0.563461 -0.173915 
-0.0124749 0.164253 -0.905909 0.680176 0.0731494 -2.48191 
-0.0872311 0.0468758 -0.0328903 0.296234 0.398392 0.286845 
-0.086257 0.0128332 -0.26633 -0.224928 0.566866 -0.475273 
-0.136571 0.0195944 -0.261765 0.162875 0.693543 0.106759 
-0.153609 -0.012226 -0.241615 -0.0160429 0.679895 0.320248 
-0.128112 0.106416 -0.861654 1.1218 0.384878 -1.91326 
-0.168622 -0.0500627 -0.00755543 0.420217 0.433532 1.37756 
-0.152597 0.101103 -0.256634 1.11066 0.0488924 0.75215 
-0.181817 -0.0374575 -0.16366 0.806463 0.586878 0.454087 
-0.250094 -0.0243744 -0.237715 0.90553 0.389802 0.299436 
-0.280367 0.0417125 -0.836037 1.10322 0.299685 -1.58458 
-0.333078 -0.0920131 -0.0389348 1.19879 -0.293739 1.48514 
-0.384949 -0.157766 -0.307344 0.300698 0.0668881 1.16193 
-0.436374 -0.0957753 -0.223363 1.131 -0.112406 2.16228 
-0.5034 -0.142088 -0.164788 1.07227 -0.0459157 1.99169 
-0.547799 -0.0465856 -0.759196 2.11057 -0.0429751 0.774593 
-0.571008 -0.17378 0.0347387 1.46321 -0.287151 3.40985 
-0.536849 -0.162129 -0.237842 1.09479 0.0918462 2.59232 
-0.505482 -0.121151 -0.218654 1.01207 -0.0582978 2.7355 
-0.47105 -0.0988129 -0.23931 1.13706 -0.150838 2.59808 
-0.478684 -0.0372071 -0.877402 2.0519 0.0723222 0.595718 
-0.470702 -0.178973 -0.0463152 0.875743 0.114471 3.38112 
-0.471278 -0.129756 -0.278994 0.830447 0.646207 2.47655 
-0.434906 -0.186934 -0.184015 0.810356 0.749314 2.91654 
-0.434424 -0.204213 -0.259289 0.728855 0.861086 3.30326 
-0.343919 -0.037038 -0.917895 1.72231 0.747137 1.4601 
-0.41595 -0.253188 -0.0081844 0.967869 1.20408 4.30449 
-0.435554 -0.172575 -0.351551 0.930058 1.82271 4.07905 
-0.380352 -0.204225 -0.315761 1.17279 1.26158 4.07874 
-0.331338 -0.147799 -0.334707 1.28827 1.42666 4.38915 
-0.339624 -0.110516 -0.896972 1.94645 1.35558 2.29075 
-0.380107 -0.226043 0.0339207 1.68194 1.65445 5.49916 
-0.312886 -0.259096 -0.373012 0.557913 1.01326 4.98411 
-0.347867 -0.242365 -0.275524 0.75547 1.17313 5.03372 
-0.378774 -0.304461 -0.255307 0.829811 1.26405 5.25172 
-0.376382 -0.135825 -0.948029 1.53759 1.00383 3.53374 
-0.449801 -0.317625 -0.0205549 0.76115 0.976098 5.84397 
-0.39929 -0.198672 -0.328727 1.1516 0.926683 5.32027 
-0.453264 -0.293559 -0.231905 0.165305 1.02033 5.50903 
-0.434573 -0.281606 -0.251811 0.447561 1.03227 5.44622 
-0.427131 -0.170431 -0.926586 1.45534 1.01797 3.74037 
-0.401817 -0.321211 0.0540318 0.285707 1.28319 5.91726 
-0.327185 -0.273584 -0.392233 0.803771 0.6873 4.83354 
-0.399593 -0.282 -0.388707 0.417332 2.40072 5.21874 
-0.416305 -0.27664 -0.291701 0.661583 2.26959 5.34166 
-0.2909 -0.0925046 -0.952699 1.74956 1.57693 3.12564 
-0.34814 -0.318821 0.0320269 0.595089 2.00285 5.80753 
-0.330854 -0.261347 -0.335101 0.515958 1.98403 4.84674 
-0.348907 -0.251793 -0.331816 0.591935 2.08484 5.43299 
-0.332172 -0.246486 -0.295208 0.509507 1.55681 5.12182 
-0.27593 -0.103255 -0.914955 1.36141 1.41694 3.18879 
-0.332224 -0.252886 0.0133139 0.883903 1.46189 5.72596 
-0.384664 -0.176948 -0.328736 1.04339 1.9235 5.4909 
-0.365151 -0.251812 -0.216544 0.805716 1.46754 5.32047 
-0.363786 -0.255239 -0.312935 0.802741 0.967546 5.1078 
-0.316673 -0.116268 -1.08534 0.0521627 0.149487 3.17038 
-0.436596 -0.301224 -0.000431758 0.422015 1.48508 6.21806 
-0.331002 -0.225958 -0.371899 0.744913 1.48515 4.98893 
-0.315394 -0.215201 -0.350777 0.715002 1.43791 5.57553 
-0.246411 -0.213849 -0.260568 0.682583 1.15219 4.90515 
-0.292097 -0.110775 -0.971558 1.43181 1.69932 3.27755 
-0.300032 -0.245324 -0.0444287 0.607079 1.79502 5.9705 
-0.228025 -0.232164 -0.396578 0.566661 1.89164 4.73332 
-0.315481 -0.199211 -0.411131 0.762321 2.90718 4.95722 
-0.259009 -0.273493 -0.319328 0.853598 2.17216 4.79729 
-0.24125 -0.0699326 -0.955829 1.63061 2.36474 2.85883 
-0.313856 -0.331173 -0.0273246 0.406905 2.33786 5.7612 
-0.278154 -0.207172 -0.374994 1.04237 1.90143 4.71925 
-0.276423 -0.207622 -0.164877 1.54143 2.2284 4.69089 
-0.33392 -0.242707 -0.295257 0.308257 1.92643 5.12734 
-0.27458 -0.0632176 -0.895465 1.91286 1.47543 3.11502 
-0.349547 -0.321327 -0.00704679 0.262588 1.69649 5.58359 
-0.264089 -0.200851 -0.394761 0.550726 1.36853 4.63496 
-0.312752 -0.254093 -0.295765 0.785259 1.6316 5.20593 
-0.29709 -0.23996 -0.297503 0.634545 1.89661 4.91871 
-0.256768 -0.149739 -0.860473 1.27711 1.68925 2.89803 
-0.264808 -0.238147 -0.12407 0.633204 2.06707 5.55912 
-0.265606 -0.249134 -0.395087 0.0344878 2.47597 4.88012 
-0.24621 -0.26058 -0.280964 0.383368 2.37978 4.9387 
-0.179267 -0.197595 -0.302463 0.528135 2.07434 4.72744 
-0.225036 -0.121058 -0.957622 1.00866 2.08159 2.78139 
-0.26611 -0.316737 -0.0685026 -0.165633 2.26693 5.47767 
-0.265308 -0.252905 -0.395025 0.0205835 2.10828 4.87197 
-0.280088 -0.221624 -0.392062 0.753214 2.38793 5.32086 
-0.296515 -0.238078 -0.29754 0.749074 2.0795 4.92411 
-0.240748 -0.0935646 -0.95551 1.50489 1.99726 2.99871 
-0.266284 -0.258998 -0.0673977 0.285137 2.0779 5.47235 
-0.249666 -0.159267 -0.395027 0.554334 2.36514 4.65756 
-0.28157 -0.256422 -0.317979 0.297225 3.0177 4.95039 
-0.17959 -0.174547 -0.340054 0.665735 2.31286 4.81321 
-0.188008 -0.152118 -0.942199 1.11521 2.67092 2.43708 
-0.229758 -0.309636 -0.0335388 0.16268 2.73378 5.05155 
-0.192772 -0.237095 -0.343301 0.693775 3.16044 4.24702 
-0.248624 -0.232842 -0.378697 0.0962661 2.9883 4.37641 
-0.196763 -0.218148 -0.284351 0.376232 3.16738 4.52385 
-0.105267 -0.0730703 -0.963621 1.23849 2.80979 2.38555 
-0.159463 -0.301823 -0.131701 0.317298 2.7251 5.08958 
-0.110937 -0.184185 -0.403478 0.358833 2.62547 4.11142 
-0.144285 -0.180969 -0.381339 0.703947 3.26289 4.55854 
-0.161629 -0.213113 -0.381207 0.412369 3.1884 4.55238 
-0.18657 -0.121585 -0.864395 1.80531 3.83592 2.74784 
-0.128624 -0.258072 -0.0561732 0.227392 2.95136 5.00875 
-0.107052 -0.16181 -0.363762 1.24081 2.92599 4.41338 
-0.19539 -0.21748 -0.360785 0.499823 3.09592 4.539 
-0.23082 -0.221817 -0.339422 0.379472 3.00357 4.74376 
-0.223888 -0.134313 -1.01572 1.03168 2.62728 2.7336 
-0.247495 -0.284017 -0.0313759 0.32922 2.46847 5.26083 
-0.228081 -0.247693 -0.360037 0.449521 2.39031 4.44309 
-0.211309 -0.200411 -0.30211 0.832612 2.102 4.50245 
-0.195188 -0.207397 -0.264442 0.673525 2.30779 4.5764 
-0.225434 -0.120451 -0.919424 1.00413 2.20876 2.77651 
-0.232947 -0.274883 0.00703636 0.0602397 2.30647 5.39672 
-0.213557 -0.219282 -0.359154 0.304236 2.09914 4.65659 
-0.211355 -0.301335 -0.283533 0.0344627 1.98831 4.79193 
-0.275777 -0.303755 -0.319234 0.676549 2.28057 4.79652 
-0.208664 -0.0932618 -0.99495 1.08306 1.66132 3.0024 
-0.283073 -0.296173 -0.0280559 0.0830974 1.57629 5.67117 
-0.279144 -0.228283 -0.335575 0.818838 1.84413 5.07779 
-0.29731 -0.283145 -0.27782 0.287166 1.59388 5.20287 
-0.282466 -0.251594 -0.316123 0.152967 1.54502 5.20862 
-0.255871 -0.190998 -0.956373 0.949882 1.37449 2.98419 
-0.349538 -0.320304 -0.0625216 0.291033 1.68599 6.03653 
-0.278878 -0.286953 -0.394896 0.259938 1.84515 4.86833 
-0.248354 -0.189188 -0.316349 0.621595 1.51109 5.21556 
-0.312195 -0.268975 -0.219186 0.89344 2.25195 5.35502 
-0.242277 -0.133018 -0.937729 0.94156 2.06773 2.84684 
-0.230198 -0.299737 -0.0690539 0.158735 1.68272 5.549 
-0.157783 -0.22286 -0.400179 0.810181 2.20174 4.5397 
-0.196678 -0.207949 -0.300774 0.477599 2.17895 5.02018 
-0.213227 -0.238235 -0.301606 0.293201 2.28915 4.79864 
-0.157468 -0.0978172 -0.979533 0.922448 1.77837 2.64543 
-0.213349 -0.239865 -0.0495473 0.702598 2.55322 5.6431 
-0.195242 -0.246091 -0.436787 0.154105 2.10831 4.67783 
-0.194859 -0.246443 -0.340348 0.358329 2.23868 4.88498 
-0.227944 -0.245763 -0.358222 0.578748 2.56962 4.89004 
-0.189249 -0.114816 -0.978095 1.25089 2.35504 2.8028 
-0.199926 -0.213637 -0.0677189 0.337472 2.01652 5.85232 
-0.174398 -0.231356 -0.399453 0.866826 2.49103 4.61707 
-0.19681 -0.222803 -0.340653 0.268896 2.60808 4.74246 
-0.179944 -0.272722 -0.266064 -0.146956 2.57736 4.65791 
-0.145266 -0.0773611 -0.941292 0.480027 2.72139 2.80315 
-0.175946 -0.295465 -0.0910963 0.582646 2.58526 5.44466 
-0.159352 -0.176456 -0.456254 0.975538 2.74332 4.70748 
-0.0907854 -0.194333 -0.326664 0.834122 2.5832 4.40104 
-0.0743228 -0.164395 -0.346776 0.898511 2.41395 4.18215 
-0.036629 -0.0324657 -1.02396 1.36925 2.19438 2.10367 
-0.0918177 -0.279257 -0.0771925 0.322648 2.49142 4.94111 
-0.126657 -0.230867 -0.42322 0.186365 3.03904 4.04983 
-0.0755488 -0.220545 -0.366998 0.241804 2.72516 4.19135 
-0.112179 -0.19687 -0.307818 0.256547 3.49516 4.2595 
-0.190424 -0.136026 -0.998834 0.976772 4.13492 2.69923 
-0.0778677 -0.219371 -0.0576592 0.436203 3.36576 5.02993 
-0.111207 -0.212615 -0.404075 0.169565 3.73079 4.21119 
-0.057701 -0.221884 -0.329442 0.426304 3.47963 4.2815 
-0.0768915 -0.213278 -0.385287 0.17165 3.39614 4.42955 
-0.0505388 -0.0700804 -0.947442 1.7585 3.6547 2.27358 
-0.0772952 -0.277717 -0.0969622 -0.0100364 3.42762 5.04013 
-0.0766482 -0.189369 -0.36744 0.395333 3.82805 4.06778 
-0.00709745 -0.204949 -0.33156 0.401422 3.71314 4.22455 
-0.0468826 -0.130014 -0.443058 0.120379 3.36084 4.29191 
-0.00291602 -0.039532 -0.987889 1.29122 3.21407 2.05463 
-0.0784195 -0.197321 -0.0388485 0.552706 3.61299 4.88354 
-0.0944919 -0.200955 -0.44306 0.131355 3.68202 4.14685 
-0.0752483 -0.190959 -0.348324 0.601269 3.70587 4.06391 
-0.0590021 -0.143977 -0.309489 0.879048 3.35493 4.12438 
-0.120508 -0.133958 -0.983206 1.08264 3.77417 2.48555 
-0.092534 -0.248433 0.0188042 0.680401 3.72469 5.0247 
-0.0245229 -0.137077 -0.407296 0.807211 3.56256 3.93489 
-0.0249142 -0.175583 -0.330385 0.574518 3.81733 4.22121 
-0.0597296 -0.19757 -0.406168 0.245307 3.77949 4.15148 
-0.00226979 -0.0723641 -1.02755 1.08523 3.82631 1.93035 
-0.0102291 -0.230844 -0.119193 0.0294698 3.49189 4.76429 
-0.111303 -0.185495 -0.422635 0.426381 4.39964 4.304 
-0.0232426 -0.178687 -0.406757 0.684204 3.37817 4.2282 
-0.0254209 -0.202328 -0.407338 0.120827 3.01631 4.14203 
-0.138763 -0.0765608 -1.06068 1.2891 4.54758 1.92145 
-0.0933053 -0.226359 0.0385414 0.804252 3.97012 5.09908 
-0.0266472 -0.17206 -0.46507 0.173575 3.92939 4.02445 
-0.0273122 -0.155991 -0.348795 0.373217 3.75461 4.29242 
-0.00957476 -0.138401 -0.369714 0.561404 4.32085 4.01976 
0.0508379 -0.0378171 -0.933474 1.69217 4.00326 1.93239 
0.0222621 -0.163752 -0.0621761 0.397629 4.01738 4.77075 
-0.0239194 -0.167395 -0.407868 0.718568 4.48307 4.0319 
-0.111421 -0.278576 -0.385088 -0.238648 5.08396 4.60868 
0.0237565 -0.118245 -0.409424 0.46655 3.98279 3.87805 
-0.00847355 -0.179428 -0.331903 0.426517 4.26544 4.08742 
0.0093858 -0.168099 -0.39092 0.490801 4.15392 3.80607 
-0.0292427 -0.277627 0.208639 -0.0676578 4.49034 5.53101 
0.00808575 -0.0622576 -0.812568 0.610498 4.04569 3.14145 
-0.0253899 -0.174301 -0.368607 0.478424 3.87496 4.22885 
-0.024016 -0.196749 -0.292832 0.551447 3.7617 4.14085 
-0.00843077 -0.22515 -0.352234 -0.0455576 3.65623 3.92951 
-0.0640018 -0.307201 0.248524 -0.330296 3.91202 5.64836 
0.0477929 -0.106573 -0.681405 1.0855 3.54011 2.97595 
-0.10947 -0.229062 -0.307453 0.491031 4.22716 4.57718 
-0.0447302 -0.170441 -0.367063 0.196116 3.43068 4.35735 
-0.00408325 -0.172111 -0.408398 0.93599 2.90395 3.92995 
-0.0794391 -0.264202 0.213169 0.275719 3.33081 5.93513 
-0.0745989 -0.148893 -0.675478 0.553792 3.36633 3.38007 
-0.0582078 -0.20542 -0.42515 0.327341 2.97955 4.13893 
-0.0765159 -0.174516 -0.327561 0.604036 3.39892 4.3455 
-0.00610133 -0.169891 -0.38839 0.732871 3.15151 4.14972 
-0.0628485 -0.30651 0.173017 -0.199356 3.83878 5.88428 
0.0983787 -0.0716404 -0.800214 0.956169 3.3974 2.3414 
0.0436279 -0.151067 -0.390532 0.607364 3.56983 4.09553 
0.109424 -0.0846777 -0.316567 0.747756 3.76618 3.87616 
0.011535 -0.225545 -0.372946 0.360497 4.40367 3.81292 
0.0250161 -0.282524 0.321395 0.413609 4.73214 5.60724 
0.0103545 -0.0796832 -0.776017 0.809137 4.35764 2.85111 
-0.0594685 -0.19166 -0.27163 0.573434 4.58763 4.36732 
-0.0271645 -0.191381 -0.311997 0.144261 4.25349 4.15023 
-0.0233771 -0.233676 -0.352449 0.218892 3.9454 3.78875 
0.0191639 -0.207901 0.132245 -0.0695725 3.91481 5.68582 
0.0623549 -0.124566 -0.798283 0.429422 4.34794 2.79508 
0.0433738 -0.202869 -0.373557 0.167836 4.37579 3.88988 
0.0735668 -0.113021 -0.37321 0.353129 5.07909 3.98058 
0.0778341 -0.169523 -0.413503 0.444378 5.3218 3.78069 
0.105097 -0.216666 0.126372 -0.179938 5.22753 5.2966 
0.163559 -0.0212993 -0.898051 0.88307 5.59674 2.49582 
0.229736 -0.089706 -0.381988 0.547118 5.046 3.28442 
0.128155 -0.172189 -0.398111 0.183139 5.62366 3.42647 
0.148125 -0.105577 -0.492358 1.0332 5.00563 3.5861 
0.122309 -0.242584 0.105116 -0.45179 5.43021 5.08843 
0.237173 -0.0435771 -0.806636 1.37774 4.936 2.19402 
0.106979 -0.0632551 -0.39332 0.625089 5.71994 3.93221 
0.127131 -0.131837 -0.359501 0.409589 5.74862 3.34629 
0.162547 -0.107202 -0.473868 0.682082 5.7013 3.67208 
0.160963 -0.314371 0.177442 -0.374816 6.02675 4.81068 
0.181717 -0.106938 -0.806695 0.340757 6.00215 2.05206 
0.164095 -0.187389 -0.399197 0.304335 5.77707 3.58941 
0.0957984 -0.19107 -0.396636 0.397053 6.01744 3.57844 
0.196518 -0.147089 -0.420986 0.204105 5.50513 3.07514 
0.109412 -0.311722 0.161136 -0.33608 5.7286 4.94148 
0.164486 -0.00458693 -0.859136 1.19895 5.35229 2.55816 
0.167943 -0.113792 -0.531112 1.31348 4.95324 3.67509 
0.165039 -0.15084 -0.361466 0.724686 5.5342 3.28294 
0.181426 -0.193379 -0.535328 0.0572655 5.78282 3.25058 
0.10559 -0.271264 0.0860804 -0.619622 5.65888 5.09418 
0.18294 -0.111017 -0.825739 0.436695 5.56991 2.04766 
0.126041 -0.112904 -0.300578 0.522355 5.75173 3.62841 
0.112161 -0.164296 -0.378489 0.443007 5.60767 3.34652 
0.109839 -0.165472 -0.453932 0.0291091 5.35536 3.57176 
0.0717821 -0.260194 0.183654 -0.335344 5.26624 5.13287 
0.151481 -0.0578678 -0.937022 1.22023 5.02343 2.27352 
0.111295 -0.0882312 -0.356658 1.01107 5.29458 3.6282 
0.112513 -0.149466 -0.339536 0.644362 5.18033 3.40347 
0.0927261 -0.0632364 -0.393607 0.959642 4.9058 3.61894 
0.0736837 -0.242207 0.184334 0.0995996 5.07751 5.20549 
0.113944 -0.100467 -0.822409 0.520144 5.25769 2.09588 
0.0985982 -0.194249 -0.358403 0.808926 5.77309 3.5707 
0.146225 -0.176624 -0.436914 0.262172 5.94089 3.52097 
0.17963 -0.130954 -0.476981 0.407567 6.15321 3.24479 
0.275921 -0.133749 0.118947 0.244798 6.00243 4.91378 
0.304284 -0.0390126 -0.926671 1.03303 6.52781 1.75162 
0.269 -0.0914474 -0.365158 1.35283 6.54599 3.26062 
0.232207 -0.153863 -0.365832 0.446542 6.58553 3.02763 
0.19767 -0.143325 -0.421061 0.433164 5.87092 3.08594 
0.157723 -0.194783 0.199635 0.222982 6.08105 5.02256 
0.154413 -0.174706 -0.903803 0.607893 5.34733 1.61685 
0.0785323 -0.1106 -0.336942 1.09389 5.387 3.54748 
0.0404782 -0.17257 -0.43035 0.0127784 5.289 3.99043 
0.133935 -0.309704 -0.424406 0.46094 5.65348 6.91208 
0.135519 -0.534916 0.100784 -0.0813369 5.8826 9.99672 
0.153106 -0.347325 -1.00045 -0.232122 5.67263 6.73327 
0.190272 -0.372145 -0.421841 0.878804 5.87301 8.34093 
0.117931 -0.317046 -0.356225 1.12951 6.10902 9.41724 
0.0870235 -0.442445 -0.450705 0.544962 5.63988 9.86517 
-0.00531509 -0.550827 0.154471 -0.177086 5.55442 12.3741 
0.000883292 -0.399832 -0.869279 0.326175 4.96235 9.31513 
-0.100742 -0.53572 -0.324207 0.393924 5.159 11.1883 
-0.0879241 -0.506043 -0.362459 -0.069958 4.92917 11.186 
-0.0701471 -0.507986 -0.480486 -0.20516 5.36704 10.6335 
-0.123281 -0.613936 0.103326 -0.275924 5.1853 12.9401 
-0.017815 -0.41588 -0.86933 -0.0826462 4.52187 9.15013 
-0.0369791 -0.495393 -0.403602 -0.226092 4.48671 10.8996 
-0.0386746 -0.473013 -0.364759 -0.212083 4.79668 10.9702 
-0.0205092 -0.46136 -0.403758 -0.0351387 4.746 10.9085 
-0.114092 -0.564685 0.0457507 -1.16361 4.89646 12.7856 
-0.00120863 -0.379917 -0.86767 0.237534 4.96047 9.606 
-0.0372198 -0.465852 -0.269383 0.227755 5.66234 10.9756 
-0.0404951 -0.504599 -0.327083 -0.63494 5.66339 11.0543 
0.0454338 -0.407244 -0.445204 -0.0731354 5.48304 10.6501 
0.0779255 -0.535547 0.227556 -0.436135 5.46391 12.3007 
0.0491169 -0.395507 -0.890342 -0.103181 5.87076 9.42101 
0.0275244 -0.376946 -0.385812 0.208091 5.77523 10.8616 
0.0469576 -0.468154 -0.408062 -0.327187 5.42963 10.6451 
0.026772 -0.381318 -0.423935 -0.0164372 5.28227 10.8557 
-0.0282817 -0.580453 0.192817 -1.21928 5.79766 12.3579 
0.0661843 -0.369017 -0.890374 0.0599641 5.39465 9.41362 
0.0107058 -0.40879 -0.366588 0.0218237 5.76338 10.8543 
-0.0242093 -0.47715 -0.385356 -0.680549 5.18408 10.8349 
-0.0927524 -0.47855 -0.477418 -0.662828 5.47338 11.0638 
-0.0121386 -0.553656 0.21189 -1.16598 5.3861 12.3467 
-0.000110647 -0.394754 -0.906636 0.251334 5.38589 9.55169 
-0.0407459 -0.446185 -0.402398 -0.275733 5.40482 11.0615 
-0.0577705 -0.518398 -0.422697 -0.910953 5.27172 10.911 
-0.0582431 -0.456887 -0.421654 -0.446278 5.45038 10.9138 
-0.0643377 -0.545045 0.214591 -1.10865 5.70309 12.4873 
-0.00283759 -0.379326 -0.830385 0.0105008 5.09135 9.37771 
-0.042203 -0.450273 -0.422342 -0.617452 4.9782 10.8311 
-0.109441 -0.492467 -0.342883 -0.542273 5.47143 11.1091 
-0.0554007 -0.462579 -0.422508 -0.151752 4.89775 10.6848 
-0.0609467 -0.589806 0.136905 -1.13667 5.08314 12.3461 
-0.00206829 -0.34834 -0.906246 0.222734 4.09938 9.29584 
-0.0924568 -0.492514 -0.287083 -0.647823 4.45544 10.7832 
-0.0721974 -0.46064 -0.421879 -0.12563 4.26854 10.5924 
-0.14196 -0.48415 -0.41812 -0.352532 4.50925 10.9476 
-0.132979 -0.522738 0.181442 -0.921967 4.52449 12.8176 
-0.122084 -0.444034 -0.863314 -0.320058 4.60568 9.71385 
-0.210777 -0.610588 -0.282994 -1.20462 4.65176 11.1306 
-0.0408603 -0.45754 -0.404053 -0.547298 4.30722 10.5929 
-0.108371 -0.475104 -0.381314 -0.325301 5.15924 10.9631 
-0.0447005 -0.542825 0.17574 -0.858892 4.7322 12.4065 
-0.0203556 -0.353731 -0.829149 0.169693 4.82783 9.36622 
-0.0199567 -0.420108 -0.307871 0.507247 5.05884 10.825 
-0.0549042 -0.543366 -0.386022 -0.740123 4.84827 10.6043 
-0.0394106 -0.414339 -0.422822 0.0225839 4.60624 10.5321 
-0.131891 -0.581807 0.216706 -1.29134 4.65948 12.3737 
-0.0568154 -0.281676 -0.883322 0.405835 4.2938 9.42472 
-0.039037 -0.458921 -0.252152 -0.156365 4.44618 10.3497 
-0.0922113 -0.471678 -0.344669 -0.522259 4.44832 10.6466 
-0.0911871 -0.468821 -0.402034 -0.393981 4.6243 10.6634 
-0.00962606 -0.540394 0.153488 -0.860419 4.64346 11.9756 
-2.21747e-005 -0.382761 -0.926789 0.22268 4.58944 9.16769 
-0.0248372 -0.434333 -0.309512 -0.35145 5.62089 10.5345 
0.0114937 -0.454236 -0.368754 -0.352288 5.21859 10.4745 
-0.0391161 -0.50521 -0.482678 -0.739488 5.34488 10.4143 
-0.0226718 -0.644222 0.170812 -1.05788 5.3694 11.9198 
-0.0181907 -0.411434 -0.945812 -0.160305 4.82003 9.17079 
-0.0565498 -0.519404 -0.366309 -0.716896 5.2785 10.6815 
-0.0576478 -0.461357 -0.346098 -0.375968 5.15402 10.6724 
-0.0411852 -0.431419 -0.366211 -0.311579 4.98477 10.4535 
-0.0618251 -0.574993 0.174945 -1.15782 4.65951 12.1796 
-0.0537973 -0.354958 -0.847912 0.268233 4.97767 9.1451 
-0.0568973 -0.447134 -0.345343 -0.170082 4.5995 10.7342 
-0.0583472 -0.447127 -0.34533 -0.385236 4.60142 10.7316 
-0.0902421 -0.505425 -0.441632 -0.613876 4.86884 10.5309 
-0.0601484 -0.614137 0.212718 -1.17818 4.78698 12.2527 
-0.0213694 -0.414 -0.870254 -0.620928 4.7123 8.92683 
-0.0926058 -0.483995 -0.344535 -0.606266 5.18393 10.8109 
-0.0043518 -0.411653 -0.310436 0.22075 4.77505 10.3035 
-0.0747464 -0.472666 -0.403552 -0.541982 5.07241 10.5296 
-0.0437546 -0.559336 0.269595 -0.774626 5.23587 12.1076 
-0.0551838 -0.350551 -0.926234 -0.0392778 5.28133 8.72158 
-0.00700162 -0.446936 -0.387303 -0.518198 5.07926 10.3941 
-0.0079894 -0.36461 -0.327374 0.173772 5.44393 10.6845 
0.0266356 -0.383247 -0.425751 -0.145664 5.10297 10.4087 
0.021612 -0.527195 0.0947334 -1.23131 5.53088 12.0103 
0.0650704 -0.346032 -0.930731 -0.0396365 5.64047 8.83443 
0.0431866 -0.362813 -0.38755 0.0573767 6.04024 10.5744 
0.133379 -0.488649 -0.320078 -0.512242 5.77692 9.77356 
0.0401713 -0.444233 -0.391075 -1.18662 5.87291 10.0493 
0.0220792 -0.602652 0.111101 -1.80391 5.97115 11.7238 
0.080588 -0.27949 -0.911246 0.244647 5.22669 8.74798 
0.0789856 -0.410228 -0.333632 -0.225905 5.10496 10.1845 
-0.0062262 -0.481934 -0.445104 -0.721526 5.44227 10.489 
-0.00426347 -0.499683 -0.428571 -0.635547 5.69338 9.97899 
0.0217816 -0.5288 0.112937 -1.24788 5.41241 11.783 
0.0313782 -0.375262 -0.987298 -0.291344 4.92986 8.74726 
-0.040259 -0.484786 -0.329193 -0.537821 5.66676 10.4647 
-0.0413937 -0.425505 -0.349058 -0.307685 5.6035 10.0218 
-0.0406494 -0.445322 -0.464345 -0.513883 5.40879 9.9664 
-0.0281433 -0.566878 0.153534 -1.23872 5.12148 11.9804 
0.0669106 -0.320798 -0.892814 0.339001 4.2945 8.50349 
-0.0385177 -0.492661 -0.349102 -0.463137 4.86861 10.2314 
-0.023891 -0.400857 -0.347213 -0.0292177 4.93899 10.4532 
-0.0732063 -0.470531 -0.38635 -0.336839 5.32152 10.0923 
-0.0620469 -0.571896 0.251303 -1.05235 5.09675 12.1753 
0.0846742 -0.325558 -0.951636 0.305374 4.5509 8.37833 
0.0130632 -0.457431 -0.331434 -0.162918 4.97794 10.2433 
0.028535 -0.405396 -0.330883 0.0326714 5.05234 10.3196 
0.0292293 -0.426794 -0.42704 -0.182744 4.73737 10.2577 
-0.0766185 -0.561753 0.175362 -0.659676 5.12957 12.117 
-0.0551014 -0.33728 -0.867225 0.160208 4.73194 8.99278 
-0.125775 -0.509853 -0.306578 -0.654543 4.97499 10.4975 
-0.0906658 -0.412388 -0.363634 0.145534 4.37943 10.4296 
-0.0722807 -0.443968 -0.384803 -0.0395974 4.0296 10.2106 
-0.0782993 -0.552893 0.194409 -0.914569 4.09271 11.9381 
-0.0353664 -0.372031 -0.850148 0.171795 4.13967 8.76331 
-0.0724765 -0.420012 -0.365103 0.198783 4.45792 10.2903 
-0.0406139 -0.416612 -0.328185 -0.117573 4.55923 10.2897 
-0.10601 -0.49346 -0.402979 -0.234792 5.28318 10.458 
-0.0262709 -0.586769 0.152852 -1.14273 5.12157 11.9103 
-0.0364635 -0.343929 -0.926022 0.227205 4.80352 8.86487 
-0.0545048 -0.480672 -0.309522 -0.0767038 5.28116 10.3793 
-0.0440025 -0.51922 0.0570965 -0.8496 4.91015 11.401 
-0.0381796 -0.429547 -0.48366 -0.0909748 4.97442 9.8166 
0.0114291 -0.4208 -0.408294 -0.259908 4.54219 9.94896 
-0.0735734 -0.478327 -0.403466 -0.455262 4.5199 10.5187 
-0.000522123 -0.304274 -0.986963 0.554466 4.40238 8.13998 
-0.07834 -0.502353 -0.0746521 -0.826108 4.67658 11.4853 
-0.00593688 -0.350323 -0.558635 0.183545 4.50137 10.1188 
-0.00427882 -0.44944 -0.42549 -0.197888 4.76536 10.3989 
0.0518088 -0.383893 -0.523761 0.734705 3.75531 9.89756 
-0.0489504 -0.357796 -1.02353 0.581957 4.40969 8.28791 
-0.0946569 -0.514621 -0.0738649 -0.783368 4.59818 11.5545 
-0.12586 -0.446948 -0.57392 -0.467377 4.81965 10.322 
-0.00308924 -0.435264 -0.426588 -0.00670043 4.21444 10.0192 
-0.0917889 -0.405145 -0.382849 0.0680314 5.0522 10.4471 
0.036327 -0.284764 -1.06582 0.887102 3.93511 7.78766 
-0.0611249 -0.511252 -0.0378862 -0.891919 4.69936 11.3357 
-0.0405484 -0.372077 -0.500707 0.0466787 4.72288 10.0305 
-0.0376704 -0.492293 -0.444628 -0.444858 4.73453 10.2477 
-0.0899695 -0.486847 -0.403667 -0.405966 4.81099 10.3753 
-0.120763 -0.363904 -1.05725 0.149066 4.34024 8.71268 
-0.198202 -0.556188 0.102365 -0.831045 5.62289 11.8149 
-0.0394544 -0.417199 -0.482854 -0.214773 4.23893 9.87038 
-0.127499 -0.432155 -0.419409 -0.386795 4.58915 10.5797 
-0.0760182 -0.40009 -0.363481 -0.105011 4.45795 10.5786 
-0.0868288 -0.300915 -1.0202 0.605815 4.43529 8.49397 
-0.162666 -0.534741 0.0253316 -0.584337 5.33684 11.9069 
-0.0931992 -0.42467 -0.479944 -0.470511 4.92574 10.1645 
-0.0575833 -0.430087 -0.40378 -0.280925 4.22839 10.366 
-0.0747287 -0.425959 -0.384083 -0.250116 3.84662 10.2752 
-0.103639 -0.258584 -0.979124 1.08824 3.92553 8.7656 
-0.147608 -0.533498 0.0429218 -1.00114 4.3804 11.5861 
-0.108876 -0.446994 -0.51812 -0.572927 3.80366 9.99613 
-0.11116 -0.429313 -0.420035 -0.571873 3.74926 10.4888 
-0.159504 -0.479414 -0.360225 -0.326254 4.25465 10.852 
-0.0871816 -0.32901 -0.944315 0.335251 3.77335 8.38977 
-0.11085 -0.543 -0.0738083 -0.845888 4.88948 11.5592 
-0.00531772 -0.37407 -0.445551 0.13016 4.33418 9.79971 
0.00822785 -0.384046 -0.597906 -0.644387 3.90806 10.1109 
-0.0402683 -0.435822 -0.405274 -0.328301 4.49169 10.2294 
-0.0676176 -0.345817 -0.98485 0.530733 4.82786 8.20972 
-0.0443824 -0.501849 0.0186785 -0.847782 4.59987 11.2524 
0.0449321 -0.362114 -0.523989 -0.11472 3.94757 9.74171 
-0.0248496 -0.402388 -0.443614 -0.347971 4.62573 10.2406 
-0.143668 -0.479811 -0.381823 -0.57301 5.00963 10.5067 
-0.0849825 -0.341665 -0.964226 0.568891 4.4443 8.33975 
-0.0615016 -0.52007 0.000472591 -1.03879 3.90824 11.3092 
-0.0782903 -0.435001 -0.653258 -1.14991 4.43866 10.0379 
-0.0758256 -0.441065 -0.441202 -0.549433 4.20953 10.4402 
-0.109486 -0.465384 -0.30683 -0.494111 4.31577 10.3367 
-0.0368819 -0.272263 -1.06064 0.454316 3.80793 8.2749 
-0.109928 -0.583443 0.00127372 -0.992654 4.96303 11.4012 
-0.0572701 -0.460986 -0.559009 -0.681922 4.83052 10.0411 
-0.0743313 -0.453437 -0.442934 -0.432984 4.94682 10.1656 
-0.0586636 -0.468566 -0.443327 -0.830503 4.29195 10.2255 
-0.0698168 -0.289953 -0.983694 0.65182 4.45785 8.19636 
-0.0953116 -0.555964 -0.0560599 -1.24607 4.48384 11.3999 
-0.0401758 -0.393544 -0.482247 -0.0817036 4.60462 9.95128 
-0.040541 -0.411191 -0.461994 -0.181484 4.85048 10.3217 
-0.0222747 -0.41949 -0.387044 -0.0366714 4.99851 10.1699 
-0.0677153 -0.308846 -1.04078 0.768906 4.44924 8.35842 
-0.0786191 -0.504934 0.000879092 -0.856422 4.56502 11.2466 
-0.0909781 -0.446751 -0.499695 -0.379209 4.6784 10.0928 
-0.107723 -0.539499 -0.443316 -1.03468 4.61505 10.0778 
-0.144191 -0.463092 -0.342894 -0.472281 4.7671 10.5664 
-0.10594 -0.209639 -1.11257 1.05406 4.58418 8.72787 
-0.0762126 -0.493559 0.0598992 -0.341157 3.8289 11.5177 
-0.11009 -0.411949 -0.458466 -0.354901 3.43707 10.3428 
-0.164384 -0.443652 -0.493422 -0.946984 3.63114 10.7791 
-0.177603 -0.512857 -0.322784 -0.744241 4.12624 10.6148 
-0.0883565 -0.313497 -0.981769 0.229888 3.27839 8.45658 
-0.163492 -0.564627 -0.0124348 -1.04911 4.2935 12.0355 
-0.110245 -0.460586 -0.479751 -0.775994 4.48356 10.1502 
-0.0752866 -0.481157 -0.462559 -0.900423 4.15271 10.0751 
-0.110231 -0.46566 -0.324996 -0.592074 4.25135 10.5586 
-0.102873 -0.337813 -0.962695 0.501738 3.9981 8.4709 
-0.0788355 -0.487891 0.0598267 -0.643032 4.38333 11.526 
-0.076063 -0.379834 -0.575722 -0.291801 4.13245 10.02 
-0.112685 -0.481691 -0.440318 -1.21468 4.42817 10.5061 
-0.1287 -0.351084 -0.437715 0.0843843 4.70498 10.4356 
-0.139933 -0.318442 -1.05626 0.20492 4.07843 8.55051 
-0.0952793 -0.501065 0.00332359 -0.701073 4.11512 11.6012 
-0.174837 -0.504609 -0.514899 -0.472069 4.59335 10.4455 
-0.113258 -0.423344 -0.401015 -0.768436 4.36631 10.4959 
-0.109924 -0.352048 -0.321835 0.41744 3.68669 10.766 
-0.138982 -0.364215 -0.961056 0.0423809 3.66223 8.59863 
-0.181293 -0.558633 0.00631163 -1.12628 4.09833 11.7267 
-0.144979 -0.396149 -0.419195 -0.265474 3.40892 10.1777 
-0.174707 -0.486682 -0.399588 -0.165247 4.60325 10.4981 
-0.0922447 -0.453424 -0.326723 -0.427009 4.32963 10.2712 
-0.105396 -0.372189 -0.982272 -0.136429 4.49211 8.55559 
-0.113601 -0.508295 -0.0350862 -0.963025 4.46575 11.4628 
-0.107078 -0.519271 -0.539099 -0.904587 4.48075 9.94603 
-0.0576197 -0.472061 -0.4251 -0.746445 3.98867 9.99546 
-0.108462 -0.505736 -0.34544 -0.720561 4.19082 10.4169 
-0.101526 -0.401213 -0.963714 0.137688 3.63463 8.46531 
-0.126297 -0.544233 -0.034933 -0.623046 4.01783 11.4564 
-0.0577217 -0.378957 -0.46172 -0.0740672 3.30255 9.91156 
-0.159788 -0.445954 -0.398838 -0.226524 3.57646 10.5472 
-0.126895 -0.448867 -0.284487 -0.357248 3.19301 10.7439 
-0.173234 -0.273848 -0.99453 0.826128 3.0003 8.94941 
-0.215177 -0.546887 0.0274651 -0.933564 3.63614 11.7779 
-0.142708 -0.416647 -0.458076 -0.164954 3.28184 10.1124 
-0.22581 -0.526267 -0.454465 -0.46749 3.99726 10.7037 
-0.137878 -0.517293 -0.420446 -0.212329 3.22503 10.4087 
-0.122015 -0.29768 -0.941585 0.541818 3.24653 8.51483 
-0.146366 -0.520813 -0.0527382 -0.898849 3.5107 11.438 
-0.195085 -0.480606 -0.495433 -0.759752 4.2152 10.2014 
-0.139101 -0.513214 -0.401402 -0.308267 3.65727 10.4131 
-0.179599 -0.476853 -0.321371 -0.73497 3.75645 10.7494 
-0.174038 -0.306673 -1.03418 0.404983 3.61445 8.82249 
-0.196785 -0.574372 0.0262529 -0.992131 3.71485 11.7867 
-0.177313 -0.454399 -0.513644 -0.479416 3.67275 10.4186 
-0.211542 -0.496597 -0.492731 -0.716218 3.76551 10.704 
-0.178302 -0.498627 -0.322016 -0.75351 3.57365 10.674 
-0.135831 -0.329448 -1.03608 0.706175 3.03234 8.75098 
-0.179367 -0.559922 0.0445205 -0.81503 4.03878 11.7217 
-0.142683 -0.465868 -0.516632 -0.574167 4.19936 10.1455 
-0.105569 -0.466637 -0.384179 -0.0620905 4.05939 10.131 
-0.106811 -0.429334 -0.420075 0.0735892 3.74352 10.4967 
-0.135084 -0.382231 -0.96179 0.468053 3.8433 8.53658 
-0.146537 -0.559343 0.0232462 -1.13889 3.76727 11.5035 
-0.160277 -0.462714 -0.439607 -0.557106 3.8245 10.0433 
-0.193027 -0.51025 -0.398589 -0.594528 3.42558 10.5375 
-0.194297 -0.447525 -0.321149 -0.138914 3.85859 10.5306 
-0.238632 -0.390832 -0.975137 0.4523 3.86235 8.95602 
-0.14406 -0.539473 0.0238887 -0.589418 3.76143 11.5815 
-0.177691 -0.490088 -0.495938 -0.813683 4.10901 10.2775 
-0.159644 -0.498363 -0.420061 -0.661522 4.25525 10.3465 
-0.126053 -0.462446 -0.362602 -0.446892 3.67786 10.4765 
-0.122045 -0.355652 -1.0764 -0.101297 3.17622 8.53865 
-0.113077 -0.59134 0.0969496 -1.46905 4.36554 11.3633 
-0.0225639 -0.393198 -0.521047 -0.161626 3.45275 9.86247 
-0.0934467 -0.435654 -0.459727 -0.614718 3.88539 10.3571 
-0.125251 -0.456492 -0.343609 -0.213146 4.29108 10.4889 
-0.104074 -0.343159 -0.94349 0.263462 3.51205 8.45358 
-0.164271 -0.546649 -0.0126548 -1.05183 4.1104 11.882 
-0.107048 -0.411312 -0.53584 -0.0235056 3.36549 10.1398 
-0.0926723 -0.440708 -0.421443 -0.532528 3.46006 10.3413 
-0.142346 -0.49399 -0.324286 -0.527847 3.72863 10.4681 
-0.172767 -0.349305 -0.978163 0.25353 3.44057 8.66287 
-0.197606 -0.55388 0.06512 -0.877496 3.84002 11.8545 
-0.144978 -0.469301 -0.496525 -0.905719 3.89633 10.3517 
-0.163789 -0.404913 -0.436622 -0.521946 3.63571 10.4743 
-0.1781 -0.475278 -0.340514 -0.510598 3.8748 10.7586 
-0.156077 -0.358504 -0.960489 0.082408 3.40072 8.51441 
-0.114118 -0.477629 -0.0135684 -0.754373 3.60429 11.8062 
-0.107669 -0.407608 -0.421283 0.0774316 3.92991 10.1306 
-0.143124 -0.505956 -0.420591 -0.816078 4.33387 10.4253 
-0.106506 -0.449054 -0.172415 0.233802 4.20158 10.3881 
-0.13851 -0.339308 -0.999611 0.287161 4.08543 8.46903 
-0.131241 -0.562857 0.0417604 -1.38939 4.27813 11.5868 
-0.0942283 -0.434696 -0.517968 -0.823473 3.88219 10.1451 
-0.110585 -0.42743 -0.420073 -0.457344 3.93216 10.4942 
-0.180051 -0.494848 -0.322064 -0.954759 3.94326 10.6795 
-0.189507 -0.29848 -0.995462 0.770163 3.66109 8.74143 
-0.178199 -0.622739 0.080773 -1.19096 3.80427 11.4905 
-0.109266 -0.372212 -0.458068 0.0912334 3.43294 10.2702 
-0.194902 -0.507378 -0.455927 -0.896558 3.60539 10.549 
-0.14542 -0.436237 -0.323155 -0.507384 3.54343 10.4575 
-0.138202 -0.312113 -0.958939 0.587221 2.91889 8.80317 
-0.18097 -0.581681 0.0439022 -1.26388 3.85981 11.6409 
-0.194108 -0.462311 -0.475647 -0.43465 4.09101 10.2703 
-0.110585 -0.470639 -0.401317 -0.812071 3.63122 10.5575 
-0.144665 -0.434938 -0.360464 -0.380976 3.59736 10.6885 
-0.171186 -0.404539 -0.940194 0.135261 3.93596 8.89213 
-0.131264 -0.54358 0.00423148 -1.26569 4.14895 11.6644 
-0.144777 -0.44288 -0.439591 -0.564689 4.63651 10.2112 
-0.0602926 -0.467975 -0.406042 -1.05754 4.42283 9.99722 
-0.077999 -0.457538 -0.346393 -0.888127 4.71524 10.3567 
-0.050497 -0.343934 -0.927235 0.554409 3.99118 8.33082 
-0.0580452 -0.534966 0.0770245 -0.500298 4.52475 11.4635 
-0.00577447 -0.399233 -0.541633 -0.314314 3.65343 9.72704 
-0.0595129 -0.415873 -0.403925 -0.512697 3.6795 10.2018 
-0.128321 -0.424928 -0.265701 -0.34137 3.62504 10.6003 
-0.156247 -0.356898 -0.978692 0.0989742 3.51919 8.7417 
-0.0778392 -0.496041 0.021752 -0.66631 3.52075 11.5146 
-0.163119 -0.457022 -0.438753 -0.851632 4.37713 10.2724 
-0.143823 -0.448517 -0.438579 -0.470619 4.08221 10.4211 
-0.145117 -0.452933 -0.361157 -0.600765 3.78417 10.6185 
-0.171655 -0.326008 -0.881129 0.805978 3.93472 8.95355 
-0.113415 -0.518048 0.0624402 -0.89379 3.67604 11.869 
-0.0933801 -0.457444 -0.461285 -0.855761 3.7063 10.0582 
-0.143823 -0.491726 -0.419823 -0.825347 3.78127 10.4845 
-0.195038 -0.503934 -0.358623 -0.671081 4.10167 10.9851 
-0.173308 -0.34935 -0.862618 0.347912 3.63549 8.86626 
-0.127532 -0.472891 0.0452133 -0.0752833 3.34215 11.9393 
-0.144626 -0.411262 -0.476327 -0.349637 3.76992 10.3452 
-0.211494 -0.535151 -0.417673 -0.963609 4.02387 10.5488 
-0.128168 -0.446371 -0.246313 -0.462403 3.50499 10.7418 
-0.15552 -0.303306 -0.882013 0.732716 3.09462 8.71459 
-0.198977 -0.514412 0.0473658 -0.744479 3.77338 12.0011 
-0.110256 -0.451757 -0.461644 -0.823083 3.44658 9.75317 
-0.164566 -0.439995 -0.380718 -0.860744 4.19914 10.3283 
-0.161986 -0.443151 -0.341559 -0.441522 3.95299 10.5414 
-0.105096 -0.262672 -0.999068 0.74652 3.49891 8.53514 
-0.0953584 -0.540526 0.0210911 -1.04924 4.18367 11.452 
-0.091384 -0.450239 -0.481454 -0.510304 4.37703 9.86011 
-0.0591893 -0.425657 -0.481175 -0.581087 4.53026 10.1632 
-0.0756249 -0.457852 -0.365512 -0.56313 4.64878 10.3631 
-0.106222 -0.315657 -1.05755 0.108248 4.05065 8.55737 
-0.113541 -0.485598 0.0237623 -0.621201 4.83465 11.7557 
-0.0292677 -0.406043 -0.674589 -1.41125 3.87585 9.81509 
-0.109815 -0.476375 -0.460463 -0.768594 4.9141 10.3053 
-0.0764461 -0.437361 -0.326645 -0.448496 4.77395 10.431 
-0.0666662 -0.39159 -0.88965 0.368194 4.41166 8.25784 
-0.0632137 -0.474317 0.0217438 -0.774518 4.51757 11.6852 
-0.0548003 -0.445211 -0.578323 -0.259014 4.39614 9.89128 
-0.0915962 -0.489329 -0.441814 -0.731118 4.50284 10.3721 
-0.0751304 -0.48558 -0.38515 -0.815415 3.85276 10.2752 
-0.120263 -0.341254 -1.00025 0.476192 4.71273 8.56405 
-0.148004 -0.535964 0.0056878 -1.10379 4.06854 11.8063 
-0.178153 -0.407463 -0.416917 -0.0164021 4.53631 10.5667 
-0.143902 -0.531187 -0.402055 -1.17352 3.84983 10.3352 
-0.126349 -0.484864 -0.285887 -0.581673 3.56472 10.6066 
-0.138453 -0.346895 -0.883943 0.353734 3.54495 8.65611 
-0.182783 -0.559185 -0.0300201 -1.3222 3.96948 12.1705 
-0.146876 -0.42706 -0.457939 -0.779894 4.20609 10.2743 
-0.110062 -0.44415 -0.459001 -0.558073 4.17469 10.4344 
-0.161117 -0.458987 -0.324124 -0.44882 4.38712 10.2549 
-0.120085 -0.311894 -0.94144 0.77359 3.79542 8.67906 
-0.131185 -0.504119 -0.013536 -0.917518 4.08039 11.8136 
-0.020066 -0.409625 -0.540897 0.0581097 3.756 9.80429 
-0.0754031 -0.460949 -0.441871 -0.668598 4.21154 10.3675 
-0.0761181 -0.403254 -0.325221 -0.123446 4.21743 10.5655 
-0.052617 -0.248609 -0.943847 1.02367 3.55261 8.46669 
-0.113469 -0.513534 -0.12866 -1.05848 3.77749 11.907 
-0.125109 -0.455841 -0.420956 -0.312059 4.22333 10.2807 
-0.111309 -0.464003 -0.458731 -0.885044 4.17682 10.5798 
-0.143909 -0.4867 -0.341649 -0.590652 4.39782 10.9271 
-0.138499 -0.318193 -0.921633 0.619767 4.33406 8.75543 
-0.0818308 -0.547174 0.0788048 -1.52598 4.45413 11.7403 
-0.0742917 -0.47297 -0.540042 -0.756373 4.81845 9.88575 
-0.0240283 -0.422879 -0.482481 -0.462605 4.50056 10.1727 
-0.042659 -0.412135 -0.403727 -0.403037 4.85751 10.5285 
-0.0717775 -0.325264 -0.944103 0.229756 4.95327 8.71384 
-0.0465732 -0.515042 -0.0375379 -1.24038 5.1458 11.6409 
0.0126166 -0.453588 -0.563498 -0.56028 4.95951 9.62129 
0.0097804 -0.413857 -0.446602 -0.442723 5.15233 9.96751 
0.0267094 -0.400942 -0.407352 -0.260142 5.35241 10.3376 
0.0332462 -0.295812 -0.987428 0.593577 4.92339 8.38117 
-0.0130838 -0.509161 0.0375278 -1.23158 5.55525 11.6434 
0.0607057 -0.396854 -0.563338 -0.554638 5.18914 9.92794 
-0.00861079 -0.459525 -0.522719 -1.0244 5.56103 10.1328 
0.0610918 -0.380186 -0.408878 -0.144373 5.13961 10.1937 
-0.00251217 -0.334255 -0.967489 0.148175 5.38755 8.45137 
-0.0098148 -0.504452 -0.0208149 -0.780968 5.91401 11.4474 
0.061075 -0.392132 -0.621654 -0.534334 5.55172 9.72671 
0.112953 -0.40081 -0.509737 -0.504628 5.43144 9.56873 
0.0246089 -0.411993 -0.446353 -0.662746 6.14936 10.2862 
0.0306232 -0.246935 -1.00626 0.64643 5.77875 8.32606 
0.0545339 -0.39792 -0.0410249 -0.599121 5.97417 11.3872 
0.0651976 -0.353016 -0.65948 0.346639 5.41658 9.66421 
0.0123043 -0.409425 -0.523111 -0.0900737 5.44666 9.99346 
-0.0754012 -0.4708 -0.404503 -0.649956 5.25901 10.3116 
-0.139596 -0.3333 -0.978752 0.32045 4.69698 8.92037 
-0.02704 -0.459853 -0.0188211 -0.574846 3.62688 11.3145 
-0.159472 -0.459833 -0.496046 -0.42148 3.99869 10.2809 
-0.157743 -0.450432 -0.323296 0.05894 3.27818 10.3084 
-0.195815 -0.459085 -0.33819 -0.486395 2.69119 10.9462 
-0.306695 -0.392832 -0.931547 0.604829 2.3858 9.41368 
-0.319255 -0.629281 0.0706007 -1.68461 2.38225 12.156 
-0.350429 -0.480521 -0.446847 -0.674934 2.71585 11.0028 
-0.297973 -0.49039 -0.4104 -0.628818 2.33943 11.0753 
-0.263354 -0.487656 -0.296161 -0.415954 2.50466 11.2882 
-0.328552 -0.3461 -0.852292 0.451165 2.37666 9.68067 
-0.280191 -0.587364 0.0323947 -0.677802 2.21562 12.3238 
-0.280339 -0.492984 -0.45108 -0.665108 2.84506 10.731 
-0.298302 -0.481288 -0.430579 -0.599141 3.19689 10.8774 
-0.282273 -0.530552 -0.315938 -1.00483 3.28975 11.2295 
-0.242275 -0.34413 -0.83917 0.415589 2.83351 9.12058 
-0.163826 -0.619167 0.00559263 -1.66806 2.89317 11.851 
-0.126241 -0.442842 -0.497497 -0.534769 3.4201 10.1262 
-0.10802 -0.465647 -0.44148 -0.47865 4.05631 10.1371 
-0.092174 -0.488138 -0.366345 -0.747528 4.75898 10.1416 
-0.0363305 -0.3443 -0.947894 0.0998472 4.74628 8.20366 
0.00399469 -0.47678 0.0537224 -1.07189 5.69966 10.9835 
0.0621666 -0.390972 -0.547124 -0.342939 5.80774 9.27806 
0.112475 -0.396455 -0.472527 -0.502604 5.92811 9.35124 
0.180228 -0.296549 -0.434423 0.189872 5.43706 9.49472 
0.06785 -0.284931 -0.952513 0.720639 5.75985 7.96057 
0.0775149 -0.431802 0.0323893 -0.0637937 5.56967 10.9362 
-0.00717562 -0.424514 -0.581403 -0.707649 5.00298 9.61643 
-0.0927267 -0.442972 -0.499743 -0.580459 5.04801 10.0983 
-0.128946 -0.415128 -0.361374 -0.395907 4.41116 10.6356 
-0.123008 -0.315719 -0.826733 0.416411 3.62826 8.64824 
-0.148127 -0.499759 0.139872 -0.694364 3.95796 11.7044 
-0.160251 -0.441855 -0.496266 -0.424193 3.81558 10.1275 
-0.231735 -0.463844 -0.397005 -0.769999 4.37518 10.4692 
-0.16291 -0.442843 -0.322453 -0.551365 4.01753 10.5376 
-0.139454 -0.325821 -0.807804 0.456489 3.79909 8.49832 
-0.13069 -0.468545 0.0815233 -0.510915 3.84444 11.4957 
-0.160612 -0.457708 -0.479744 -0.653993 4.25342 9.61758 
-0.145556 -0.424902 -0.439811 -0.567402 4.4534 10.0578 
-0.145428 -0.467203 -0.363765 -0.821348 4.34227 10.1152 
-0.0679112 -0.234853 -0.79154 1.59697 4.34835 8.16103 
-0.129448 -0.535792 0.0213342 -0.932113 4.94865 11.2407 
-0.0936418 -0.383715 -0.520534 -0.357671 4.98654 9.43455 
-0.0241878 -0.385439 -0.388373 -0.163976 4.4512 9.63687 
-0.0267869 -0.399048 -0.350916 -0.589546 5.13481 9.56754 
0.0127263 -0.227085 -0.891229 0.756872 5.16315 8.06286 
-0.00883354 -0.527572 0.0139962 -0.940614 5.68087 10.6993 
0.0447682 -0.368565 -0.508555 -0.209531 5.30549 9.03277 
0.0104358 -0.387739 -0.526158 -0.316083 5.63855 9.18322 
0.00926905 -0.391247 -0.391446 -0.345448 5.53032 9.37469 
0.0334354 -0.260561 -0.912388 0.887519 4.6266 7.84366 
-0.0285964 -0.503828 0.0162099 -1.10376 5.23458 10.9006 
-0.0059122 -0.428034 -0.564102 -0.63094 4.7015 9.16561 
-0.0740952 -0.433624 -0.445044 -0.335866 4.95019 9.57605 
-0.0603449 -0.423275 -0.330236 -0.613908 5.04254 9.7022 
-0.069766 -0.268278 -0.869371 0.965198 4.83725 8.03634 
-0.00903116 -0.493765 -0.00367219 -0.720876 5.06172 10.835 
-0.0232857 -0.454848 -0.584088 -0.906745 5.11677 8.95334 
-0.0245024 -0.416729 -0.449002 -0.5906 5.18921 9.07492 
-0.0572788 -0.441916 -0.370081 -0.406207 5.10014 9.4216 
-0.0877387 -0.320907 -0.908093 0.343831 4.63951 7.95967 
-0.0610649 -0.473836 0.0552959 -0.600638 4.6518 10.5791 
-0.0733574 -0.437443 -0.446836 -0.364468 4.58608 9.12635 
-0.226802 -0.516322 -0.420121 -0.574232 5.05181 9.83476 
-0.160558 -0.462222 -0.288644 -0.489301 4.15197 9.57954 
-0.138499 -0.346683 -0.868543 0.214497 3.61667 7.76926 
-0.0944272 -0.522019 0.0562763 -0.863381 4.13121 10.634 
-0.0895264 -0.391904 -0.559562 0.0420101 4.12193 9.20762 
-0.109334 -0.448992 -0.405318 -0.615121 3.82107 9.53181 
-0.12304 -0.479596 -0.307885 -0.15029 4.05423 9.96425 
-0.154324 -0.355115 -0.865052 0.508342 3.89867 8.51158 
-0.198766 -0.545402 0.00582911 -1.06579 4.57401 11.438 
-0.0387071 -0.376787 -0.558876 0.139799 4.16525 9.81023 
-0.105415 -0.518023 -0.460877 -0.468642 4.72768 10.3831 
-0.0355446 -0.58839 -0.479761 -0.755651 4.97062 11.4451 
-0.101215 -0.40844 -0.88264 0.525576 4.97949 9.73722 
-0.0763538 -0.538873 0.00682721 -0.47722 5.10145 12.8862 
-0.000883297 -0.521844 -0.575574 -0.25484 5.17031 11.4764 
-0.0219557 -0.494369 -0.575261 -0.63393 5.09722 11.2417 
-0.0219109 -0.514625 -0.36302 -0.44714 5.42273 11.8002 
-0.0683967 -0.420529 -0.807341 0.321931 5.57396 9.89052 
-0.0414946 -0.592552 -0.0338061 -0.905602 5.31841 12.9087 
-0.000813711 -0.483406 -0.537866 0.0648861 5.11225 11.1727 
-0.0014153 -0.506147 -0.48117 -0.182556 4.93827 11.0832 
-0.0409319 -0.507625 -0.400662 -0.718361 5.22077 11.721 
-0.0155666 -0.411728 -0.84662 0.496273 4.94119 10.0455 
-0.0592905 -0.642691 -0.0343679 -1.41697 5.43074 12.8325 
-0.0715643 -0.546325 -0.631871 -0.819724 5.22851 11.1727 
-0.00738921 -0.51168 -0.594709 -1.25129 4.19683 11.2972 
-0.0893016 -0.528598 -0.415748 -0.367689 4.54951 12.2177 
-0.155223 -0.446731 -0.858329 0.021163 4.62437 10.5927 
-0.16081 -0.718814 0.0477665 -1.60645 4.84899 13.4454 
-0.139993 -0.522764 -0.586785 -0.412249 4.29876 11.9374 
-0.09041 -0.534876 -0.45476 -0.714095 3.87545 11.9856 
-0.209728 -0.571647 -0.335267 -0.607372 4.44694 12.1704 
-0.240027 -0.467985 -0.833935 0.148197 4.29479 11.0778 
-0.164374 -0.566327 -0.00499861 -0.889699 4.09435 13.7989 
-0.0875001 -0.549093 -0.572013 -0.591403 4.23301 11.5049 
-0.0876373 -0.535797 -0.512077 -0.384568 3.68182 11.9969 
-0.128333 -0.515617 -0.318159 -0.829498 4.34742 12.2513 
-0.140721 -0.338815 -0.855709 0.560342 4.32505 10.879 
-0.0946698 -0.618574 -0.0114821 -1.34071 4.23128 13.1583 
-0.0919131 -0.467053 -0.53115 -0.435053 4.53888 11.7911 
-0.12432 -0.530725 -0.491789 -0.585084 4.51146 12 
-0.0907775 -0.54945 -0.359076 -0.715756 4.56034 12.131 
-0.106217 -0.3944 -0.897231 0.0100821 4.36091 10.6753 
-0.112725 -0.605947 0.0672351 -1.16661 4.77112 13.5194 
-0.00620366 -0.412882 -0.629589 -0.220627 4.0558 11.6711 
-0.108223 -0.518433 -0.49165 -0.620475 4.58807 12.1515 
-0.0744314 -0.499304 -0.358501 -0.419542 4.44993 12.2045 
-0.0889992 -0.386279 -0.802444 0.150313 4.20379 10.5843 
-0.128746 -0.639006 0.0100629 -1.34381 4.50491 13.5219 
-0.0562004 -0.486325 -0.551267 -0.433073 4.26196 11.947 
-0.0728921 -0.517262 -0.474752 -0.518559 4.43991 11.9337 
-0.0909471 -0.547844 -0.377279 -0.69919 4.67881 12.3583 
-0.0841271 -0.446229 -0.822657 0.340318 4.13964 10.5959 
-0.167641 -0.580886 0.0907122 -1.32167 4.78306 13.9389 
-0.0898657 -0.474603 -0.53104 -0.247708 3.80157 11.7775 
-0.107945 -0.485909 -0.471096 -0.304643 3.91129 12.2796 
-0.141597 -0.549341 -0.298011 -0.477483 4.14513 12.4673 
-0.121561 -0.418657 -0.819839 0.102673 3.24895 10.7076 
-0.196086 -0.631304 0.071658 -0.950985 4.01109 13.7793 
-0.10726 -0.508329 -0.511778 -0.548504 3.60682 11.7648 
