0.000480543 0.0291519 1.04504 0.371837 -0.0560795 3.77224 
0.0341423 -0.0160739 0.503113 -0.221418 -0.101543 1.89132 
0.0366989 -0.0167281 0.563122 0.0967495 -0.29944 2.10901 
0.0187725 -0.00533083 0.680842 0.166898 -0.183982 2.24167 
0.0199867 0.0501813 0.0973535 0.619303 -0.561112 0.0553608 
0.0183195 0.0190467 1.0242 0.307884 -0.0378638 3.62403 
0.0188843 0.0139405 0.503038 0.286466 -0.204583 1.88848 
0.0332429 -0.0370511 0.562476 -0.457428 -0.272215 2.03687 
0.0365193 0.00542867 0.663077 0.228767 -0.171832 2.39356 
0.0371283 -0.00158505 0.0598795 0.196608 -0.592722 0.217585 
0.0191707 0.0180841 1.02402 0.409474 -0.22959 3.62455 
0.0348819 0.0045891 0.542595 0.0101051 -0.170507 1.95863 
0.0703987 -0.015839 0.601969 -0.121659 -0.374582 2.10183 
0.0354855 0.0263144 0.702668 0.245797 -0.22978 2.46146 
0.0530364 0.00973549 0.0980777 0.0448094 -0.562968 0.134301 
0.00135825 0.0293729 1.06217 0.480824 0.00326261 3.5419 
0.000195534 0.0249119 0.521842 0.2482 -0.030201 1.8094 
0.0365873 0.00489755 0.602782 0.226682 -0.176677 2.1758 
0.0187276 0.0158601 0.662427 0.295376 -0.0669356 2.31746 
0.0193366 0.00884637 0.0592298 0.263218 -0.487826 0.141483 
0.0360195 0.0077701 1.0634 0.234703 -0.38724 3.69522 
-0.0169924 0.0979656 0.543122 0.800003 0.117584 1.94973 
0.0188864 -0.00543933 0.601271 0.1681 -0.066587 2.02636 
-0.0161163 0.0573859 0.70061 0.660118 0.0738929 2.23256 
0.0183959 0.0304809 0.0580491 0.28619 -0.300422 -0.0124727 
-0.000324288 0.00882726 1.06142 0.141139 0.0194719 3.46916 
-0.0184024 0.015115 0.539785 0.084741 0.149375 1.65699 
0.0348139 0.00512021 0.60289 0.0121897 -0.165661 2.17639 
0.0178305 0.0164001 0.681881 0.1905 0.00255055 2.31448 
0.00244636 0.0208751 0.0974494 0.44747 -0.0742622 0.0577101 
0.0359759 0.0288646 1.04276 0.362551 -0.269323 3.54424 
0.10607 -0.0379939 0.506395 -0.261073 -0.718048 2.26959 
0.0170222 0.0155516 0.60224 0.0787991 -0.0607655 2.10029 
0.0177145 0.0358884 0.663219 0.307666 -0.252841 2.39191 
0.0902351 0.0291365 0.0577524 0.370467 -0.920378 -0.0143996 
0.0520585 -0.00329602 1.02536 -0.05114 -0.609078 3.77847 
0.0366346 0.00522381 0.581286 0.229339 -0.0535653 1.95148 
0.0526965 -0.0260795 0.602679 -0.179612 -0.265364 2.17916 
0.0186817 0.0154375 0.681703 0.29209 -0.189176 2.315 
0.0557978 -0.0117955 0.0776548 0.238986 -0.638276 0.0633491 
0.0537662 0.0185296 1.04563 0.296572 -0.37509 3.84711 
0.000195534 0.0249119 0.521842 0.2482 -0.030201 1.8094 
0.124715 -0.0687678 0.605099 -0.344459 -0.876674 2.48409 
0.0169083 0.0156601 0.681811 0.0775977 -0.178161 2.3156 
0.0548765 0.00907808 0.0398949 0.257847 -0.5797 0.14271 
0.0537676 0.0184332 1.04341 0.295942 -0.374219 3.62035 
0.0517307 -0.00572492 0.581974 -0.164666 -0.328157 2.0293 
0.0526506 -0.0265021 0.621954 -0.182898 -0.387604 2.17671 
0.0373705 0.00446604 0.662899 0.330357 -0.363558 2.39408 
0.0371297 -0.00168142 0.0576595 0.195979 -0.591851 -0.00918063 
0.0181842 0.0392961 1.04211 0.42916 -0.164427 3.46814 
0.0180101 -0.00575668 0.581925 0.0584829 -0.125058 2.02993 
8.16419e-005 0.0250204 0.601413 0.246998 -0.147596 2.02471 
0.0721027 -0.0154342 0.664376 0.0955483 -0.381624 2.54576 
0.0372651 -0.0219307 0.0397426 0.0747021 -0.465288 0.146703 
0.000481925 0.0290555 1.04282 0.371207 -0.0552082 3.54547 
-0.000701536 0.0254519 0.541296 0.143324 0.0392851 1.80642 
0.054424 -0.0267248 0.621846 0.0315949 -0.398619 2.17611 
-0.0158945 0.014231 0.623509 0.400882 -0.172505 2.32576 
0.0728499 -0.0428899 0.038822 -0.0591465 -0.674209 0.0721426 
0.0190812 0.038756 1.02266 0.534036 -0.233913 3.47112 
0.0205289 0.0167247 0.677403 0.516636 0.173989 1.85923 
0.0356443 0.00501495 0.641511 0.11852 -0.229431 2.17037 
0.0185908 0.0362058 0.682564 0.417283 -0.19437 2.38834 
-0.0178399 -0.0115084 0.0585358 -0.0678109 -0.257502 0.0699682 
0.000481925 0.0290555 1.04282 0.371207 -0.0552082 3.54547 
0.0179206 0.0149152 0.580567 0.183045 -0.12938 1.8765 
0.0535269 -0.0261848 0.6413 -0.0732811 -0.329133 2.17313 
-0.0185169 -0.00396354 0.722028 -0.0335676 0.168233 2.4637 
0.071862 -0.0215816 0.059137 -0.0388302 -0.609916 0.1425 
-0.00124559 0.0297008 1.02366 0.160001 0.0780476 3.54852 
0.0535041 -0.00594758 0.581866 0.0498265 -0.339172 2.02871 
0.0691652 0.0472479 0.677642 0.149237 -0.313218 1.85632 
0.0355971 0.0046887 0.663007 0.115864 -0.352543 2.39468 
0.0193366 0.00884637 0.0592298 0.263218 -0.487826 0.141483 
0.0190812 0.038756 1.02266 0.534036 -0.233913 3.47112 
0.0703092 0.00483294 0.600611 0.00290354 -0.378905 1.9484 
0.00288747 0.00400844 0.563934 0.445091 -0.101535 2.18298 
0.0364734 0.00500605 0.682353 0.225481 -0.294072 2.3911 
0.0897432 -0.052685 0.0611455 -0.230002 -0.71049 0.372033 
0.000392449 0.0497275 1.04146 0.49577 -0.0595307 3.39204 
0.0357123 0.00448383 0.581216 0.116436 -0.234276 1.9526 
0.0526506 -0.0265021 0.621954 -0.182898 -0.387604 2.17671 
0.0195121 0.0153322 0.720324 0.398421 -0.252946 2.30898 
0.0558644 -0.0122302 0.01958 0.237531 -0.643993 0.0723531 
0.0201586 -0.00322418 1.0037 0.389158 -0.293883 3.55419 
0.000218384 0.00467474 0.581276 0.125092 -0.0201618 1.95383 
0.0731128 -0.0376962 0.603042 0.0698616 -0.573001 2.25519 
0.0356672 -0.0152222 0.700945 -0.00458713 -0.219392 2.31479 
0.0576664 -0.0306491 0.135009 0.341054 -0.265943 -0.0212287 
0.0547555 -0.00287508 1.0231 0.275626 -0.438511 3.54999 
-0.000631419 0.005541 0.579234 0.0228723 0.172436 1.72654 
0.0534351 -0.02703 0.679851 -0.079853 -0.573614 2.16823 
0.0178054 0.0151201 0.662357 0.182474 -0.247647 2.31858 
0.0362785 -0.000718787 0.0578375 0.0943885 -0.400124 -0.00970521 
0.000413189 0.0488701 1.00266 0.491029 -0.187488 3.39859 
0.0535041 -0.00594758 0.581866 0.0498265 -0.339172 2.02871 
0.0703307 -0.0153079 0.662264 -0.119574 -0.369737 2.31959 
0.0533888 -0.00574272 0.663657 0.049255 -0.457439 2.47078 
0.0175438 0.00983002 0.095917 0.0528359 -0.347983 -0.091239 
0.0182049 0.0384387 1.00331 0.42442 -0.292384 3.47469 
0.0177403 0.0563555 0.580069 0.4328 -0.138897 1.79641 
0.0526047 -0.0269247 0.64123 -0.186184 -0.509844 2.17425 
0.0364734 0.00500605 0.682353 0.225481 -0.294072 2.3911 
0.0540702 -0.0111502 0.0584872 0.0277791 -0.50502 0.0663973 
0.000438334 0.0501501 1.02219 0.499056 0.0627096 3.39449 
0.0374857 0.00426118 0.581108 0.330929 -0.245292 1.95201 
0.0195801 0.0148011 0.660029 0.396337 -0.257791 2.09121 
0.0355763 0.00554606 0.701806 0.120605 -0.224586 2.38813 
0.0365047 -0.0417364 0.0390594 -0.15208 -0.268368 0.0728438 
-0.035012 0.0292464 1.04288 0.379864 0.158906 3.5467 
0.0188613 -0.00671931 0.581747 0.160073 -0.316784 2.03046 
0.0357352 -0.0157533 0.64065 -0.00667174 -0.224237 2.09703 
0.0187276 0.0158601 0.662427 0.295376 -0.0669356 2.31746 
0.0904841 -0.0321183 0.0984079 0.000891161 -0.778582 0.212576 
0.0189459 0.0590054 1.04058 0.655313 -0.360476 3.31524 
-0.0165868 -0.00610579 0.562531 0.172015 0.0195706 2.03414 
0.0356893 -0.016176 0.659926 -0.00995769 -0.346477 2.09458 
-0.0169018 0.0363003 0.680403 0.425309 0.020616 2.1628 
0.0371549 -0.000401435 0.0771832 0.204005 -0.341654 -0.013278 
0.0537897 0.0174795 1.00239 0.290571 -0.501304 3.40013 
0.0552982 -0.0070276 0.542959 0.259579 -0.478145 2.03466 
0.0365643 -0.0157622 0.681491 0.100289 -0.288878 2.31777 
0.0524917 -0.00520271 0.68311 -0.055621 -0.387952 2.4678 
0.0362785 -0.000718787 0.0578375 0.0943885 -0.400124 -0.00970521 
0.0182958 0.0176704 1.00245 0.299228 -0.28719 3.40136 
0.0187061 0.0360009 0.600774 0.417854 -0.0761035 1.94626 
0.0533902 -0.00583909 0.661437 0.0486252 -0.456567 2.24401 
0.0177846 0.0159775 0.701157 0.187214 -0.11969 2.31202 
0.0719987 -0.0419273 0.0390001 -0.160737 -0.482482 0.0716181 
0.0368951 0.0273709 0.982291 0.462057 -0.465894 3.32701 
0.0178747 0.0144926 0.599842 0.179759 -0.251621 1.87405 
0.0889529 -0.0258446 0.701535 -0.0798528 -0.538402 2.38967 
0.0186817 0.0154375 0.681703 0.29209 -0.189176 2.315 
0.0363694 -0.0214871 0.0569762 -0.0308038 -0.394931 -0.0830402 
0.00140112 0.0275618 0.98235 0.470713 -0.25178 3.32823 
0.0180101 -0.00575668 0.581925 0.0584829 -0.125058 2.02993 
0.0366101 -0.0153396 0.662216 0.103575 -0.166638 2.32022 
0.0533888 -0.00574272 0.663657 0.049255 -0.457439 2.47078 
0.10666 -0.0635301 0.0402295 -0.406858 -0.872985 0.224942 
0.001447 0.0279844 0.963074 0.473999 -0.12954 3.33069 
-0.0176192 0.0146835 0.599902 0.188416 -0.0375062 1.87527 
0.0534361 -0.00541647 0.642161 0.0519111 -0.334327 2.24647 
0.0550506 0.0156603 0.703209 0.393681 -0.345691 2.53697 
0.0372457 -0.0211697 0.0763219 0.078813 -0.33646 -0.086613 
0.0182958 0.0176704 1.00245 0.299228 -0.28719 3.40136 
0.0544447 -0.0275821 0.583047 0.0268542 -0.526576 2.18266 
-5.72334e-006 0.0263125 0.698287 0.253194 -0.0139225 2.00916 
0.0198306 -0.0465501 0.698465 0.0261305 -0.115124 2.09142 
0.0373559 -0.042699 0.0388814 -0.0504901 -0.460094 0.0733684 
0.0191034 0.0378023 0.981641 0.528666 -0.360999 3.2509 
0.0179642 -0.0061793 0.601201 0.0551969 -0.247298 2.02748 
0.0355985 0.00459233 0.660787 0.115235 -0.351671 2.16791 
-0.036421 0.047377 0.660586 0.280712 0.258768 2.08974 
0.0540702 -0.0111502 0.0584872 0.0277791 -0.50502 0.0663973 
0.0352125 0.00682527 0.981537 0.122372 -0.449685 3.25427 
0.0339618 -0.0155307 0.640758 -0.221164 -0.213222 2.09763 
0.0364941 0.00414869 0.643553 0.22074 -0.422029 2.39766 
0.000889965 0.0258689 0.681053 0.3587 -0.08428 2.2389 
0.0372916 -0.0207471 0.0570463 0.0820989 -0.214219 -0.0841596 
0.0191034 0.0378023 0.981641 0.528666 -0.360999 3.2509 
0.0552108 -0.00573549 0.639833 0.265774 -0.344471 2.01911 
0.0524931 -0.00529908 0.68089 -0.0562508 -0.387081 2.24104 
0.0532327 0.015364 0.720373 0.175272 -0.456045 2.30835 
0.0541161 -0.0107276 0.0392117 0.0310651 -0.38278 0.0688506 
-0.016526 0.0582425 0.999617 0.658599 -0.273447 3.09625 
0.0712499 -0.0168016 0.601791 -0.0200688 -0.566309 2.10236 
0.052584 -0.0260674 0.680029 -0.181443 -0.381887 2.1677 
0.0355304 0.00512344 0.721082 0.117319 -0.346826 2.38567 
0.0186879 -0.032585 0.018886 -0.0934975 -0.413669 0.000838684 
0.0182971 0.017574 1.00023 0.298598 -0.286318 3.17459 
0.0339825 -0.0163881 0.601959 -0.225905 -0.341179 2.10418 
0.0189321 -0.0459137 0.720138 -0.0781157 -0.0465086 2.31521 
0.000980822 0.00510058 0.680192 0.233508 -0.0790861 2.16556 
0.0362119 -0.000284044 0.115912 0.0958432 -0.394408 -0.0187092 
0.0190125 0.0585706 0.982502 0.653858 -0.366192 3.32424 
0.0703321 -0.0154042 0.660044 -0.120204 -0.368866 2.09283 
0.000934937 0.00467796 0.699467 0.230222 -0.201326 2.16311 
0.0177837 -0.00563606 0.738846 0.0554503 -0.358977 2.23378 
0.0194733 -0.0114993 0.0390929 0.141311 -0.360392 0.070601 
0.0183179 0.0167167 0.961434 0.293857 -0.414275 3.18114 
0.0889943 -0.0275593 0.623937 -0.0893342 -0.794316 2.40277 
0.0899394 -0.0470565 0.683441 -0.0995392 -0.603566 2.54608 
0.00084408 0.0254463 0.700329 0.355414 -0.20652 2.23645 
0.0363694 -0.0214871 0.0569762 -0.0308038 -0.394931 -0.0830402 
0.0191942 0.017034 0.98078 0.403474 -0.355805 3.17757 
0.0357352 -0.0157533 0.64065 -0.00667174 -0.224237 2.09703 
8.37523e-005 0.00564059 0.699646 0.128632 -0.00959992 2.16259 
0.0720582 -0.0159531 0.681432 0.0916325 -0.502993 2.31654 
0.0177242 -0.0316102 0.0964145 -0.196919 -0.338466 -0.0111433 
0.035998 0.0279109 1.00174 0.357181 -0.396408 3.32403 
0.0356893 -0.016176 0.659926 -0.00995769 -0.346477 2.09458 
0.0364748 0.00490968 0.680133 0.224851 -0.293201 2.16434 
0.0372787 0.0036208 0.70145 0.323785 -0.608039 2.38918 
0.071862 -0.0215816 0.059137 -0.0388302 -0.609916 0.1425 
0.0547777 -0.00382881 0.982079 0.270255 -0.565597 3.32977 
0.0723066 -0.0579245 0.621635 -0.160207 -0.498321 2.17888 
0.035642 -0.0165022 0.681421 -0.0126138 -0.469589 2.31889 
0.0355763 0.00554606 0.701806 0.120605 -0.224586 2.38813 
0.0551269 -0.0522731 0.0783304 -0.112359 -0.437033 0.14292 
0.0191942 0.017034 0.98078 0.403474 -0.355805 3.17757 
0.0339618 -0.0155307 0.640758 -0.221164 -0.213222 2.09763 
0.035642 -0.0165022 0.681421 -0.0126138 -0.469589 2.31889 
0.0177846 0.0159775 0.701157 0.187214 -0.11969 2.31202 
0.0186671 -0.0317276 0.0576853 -0.0887568 -0.285712 -0.00571199 
0.0184087 -0.00405163 0.960573 0.168665 -0.409081 3.10781 
0.0756315 -0.0152149 0.69852 0.528015 -0.273955 2.08449 
0.0365184 -0.0161849 0.700767 0.0970029 -0.411118 2.31532 
0.0186358 0.0150148 0.700978 0.288804 -0.311416 2.31255 
0.0363473 -0.0205334 0.0979956 -0.0254332 -0.267845 0.137175 
0.000526168 0.0271481 0.960784 0.360466 -0.309379 3.10504 
0.0357101 -0.0170333 0.621126 -0.0146984 -0.474434 2.10113 
0.0365643 -0.0157622 0.681491 0.100289 -0.288878 2.31777 
0.0354846 0.00470082 0.740357 0.114033 -0.469066 2.38322 
0.0869581 -0.0325303 0.0598246 -0.432835 -0.884508 0.220316 
0.0183179 0.0167167 0.961434 0.293857 -0.414275 3.18114 
0.0711611 -0.0154131 0.700886 -0.0132435 -0.433506 2.31357 
0.000936319 0.00458159 0.697247 0.229592 -0.200455 1.93635 
-0.00092932 0.0256689 0.700437 0.140921 -0.195505 2.23704 
0.0549902 -0.0319274 0.0984673 0.0095475 -0.564467 0.213802 
0.0192401 0.0174566 0.961504 0.40676 -0.233564 3.18002 
0.0890645 -0.0474702 0.661875 -0.209786 -0.661165 2.32288 
0.0365184 -0.0161849 0.700767 0.0970029 -0.411118 2.31532 
0.0355763 0.00554606 0.701806 0.120605 -0.224586 2.38813 
0.09053 -0.0316957 0.0791324 0.00417712 -0.656342 0.215029 
0.0369873 0.00650624 0.979209 0.336234 -0.459829 3.02691 
-0.0346921 0.0466353 0.677534 0.491289 0.126383 1.85993 
0.0550268 0.0142839 0.681466 0.385024 -0.595017 2.3143 
0.0349712 -0.0569798 0.682097 -0.363958 -0.268346 2.39846 
0.0372443 -0.0210734 0.078542 0.0794428 -0.337331 0.140153 
0.0191047 0.0377059 0.979421 0.528036 -0.360127 3.02414 
0.0534603 -0.02575 0.699375 -0.0718263 -0.323417 2.16413 
0.0542206 -0.00594435 0.700058 0.154956 -0.520337 2.23799 
0.0544261 -0.0461046 0.720079 -0.086772 -0.260623 2.31399 
0.0888002 -0.0525676 0.0998747 -0.338164 -0.763244 0.366602 
0.0192401 0.0174566 0.961504 0.40676 -0.233564 3.18002 
0.0543124 -0.00509912 0.661507 0.161528 -0.275856 2.24289 
0.0356213 -0.0156449 0.720221 -0.00787309 -0.341632 2.31234 
0.0354869 0.026218 0.700448 0.245167 -0.228908 2.2347 
0.0549915 -0.0320238 0.0962472 0.00891765 -0.563596 -0.0129639 
0.036066 0.0273798 0.941449 0.355096 -0.401254 3.10627 
0.0178067 0.0150237 0.660137 0.181844 -0.246775 2.09181 
0.125119 0.0143458 0.69858 0.262206 -0.952889 2.08211 
0.0178296 -0.00521344 0.719571 0.0587363 -0.236736 2.23624 
-0.000179135 0.000446867 0.135425 -0.000376447 -0.110807 -0.0204614 
0.0194426 -0.0249373 0.920982 0.151634 -0.351133 3.0399 
0.0711611 -0.0154131 0.700886 -0.0132435 -0.433506 2.31357 
0.0535039 -0.0468446 0.720009 -0.199675 -0.441334 2.31511 
0.0186358 0.0150148 0.700978 0.288804 -0.311416 2.31255 
0.0203245 -0.0124619 0.0389149 0.242902 -0.552119 0.0711255 
0.0725915 -0.015214 0.941709 0.198275 -0.797578 3.18566 
0.0373719 0.00436967 0.660679 0.329727 -0.362687 2.16732 
0.0177401 0.0154585 0.718212 0.183299 -0.241059 2.08281 
-0.0177539 0.0156494 0.718271 0.191955 -0.0269443 2.08403 
0.0718412 -0.0207243 0.0979363 -0.0340895 -0.481959 0.135949 
0.0182743 0.0378112 0.940799 0.421705 -0.296358 3.03017 
0.0516375 -0.00647379 0.622745 -0.170608 -0.573509 2.25116 
0.0355318 0.00502707 0.718862 0.116689 -0.345955 2.15891 
0.0188161 -0.0264254 0.701476 0.0390499 -0.3019 2.39264 
0.0540244 -0.0115728 0.0777628 0.0244932 -0.627261 0.0639439 
0.000573435 0.0274743 0.939288 0.363122 -0.186268 2.88073 
0.0195801 0.0148011 0.660029 0.396337 -0.257791 2.09121 
0.0543101 -0.0266163 0.701417 0.0303936 -0.516014 2.39142 
0.0727978 0.00470988 0.720915 0.323156 -0.571956 2.38385 
0.0532168 -0.0317047 0.0985752 -0.204945 -0.553452 0.214397 
-0.0526915 0.0372393 0.899899 0.433647 0.00478576 2.8124 
0.0356879 -0.0160796 0.662146 -0.00932784 -0.347349 2.32134 
0.035642 -0.0165022 0.681421 -0.0126138 -0.469589 2.31889 
0.0171322 -0.0468746 0.702943 -0.300005 -0.286562 2.54667 
0.0363671 -0.0430042 0.0968862 -0.161938 -0.635089 0.0654838 
0.0201386 0.0168203 0.93983 0.511006 -0.302179 2.95624 
0.0533902 -0.00583909 0.661437 0.0486252 -0.456567 2.24401 
0.0550718 -0.00690698 0.69988 0.256546 -0.712063 2.23851 
0.0178296 -0.00521344 0.719571 0.0587363 -0.236736 2.23624 
0.0542748 -0.072924 0.116198 -0.345713 -0.484593 0.0641539 
0.0183652 0.0170429 0.939938 0.296513 -0.291164 2.95683 
0.0551636 -0.00606174 0.661329 0.263118 -0.467583 2.24342 
0.0161457 -0.0256627 0.721038 -0.280319 -0.221398 2.39026 
0.0373947 -0.0158675 0.720113 0.20662 -0.352648 2.31174 
0.0379839 -0.000410334 0.118024 0.310966 -0.406294 0.207462 
0.00234683 0.0272517 0.939181 0.577615 -0.197283 2.88013 
0.0366092 -0.0369532 0.699906 -0.0281893 -0.405924 2.24198 
0.0366793 -0.0568641 0.737844 -0.148641 -0.272774 2.1621 
0.0712047 -0.0365077 0.72152 -0.141092 -0.551424 2.46454 
0.0896765 -0.0522502 0.11922 -0.228547 -0.704773 0.363029 
0.0370539 0.0060715 0.921134 0.33478 -0.465546 3.03591 
0.0533902 -0.00583909 0.661437 0.0486252 -0.456567 2.24401 
0.0711153 -0.0158358 0.720161 -0.0165294 -0.555747 2.31111 
0.0719916 -0.0155184 0.739507 0.0930873 -0.497276 2.30754 
0.0905736 -0.0527902 0.0997667 -0.123671 -0.774259 0.366007 
0.0370539 0.0060715 0.921134 0.33478 -0.465546 3.03591 
0.0188634 -0.0260991 0.67998 0.041706 -0.178788 2.16833 
0.053413 -0.0260763 0.72087 -0.0744824 -0.446528 2.38844 
0.0526275 -0.0471619 0.700663 -0.309291 -0.499805 2.31868 
0.0353792 -0.0216959 0.117201 -0.141622 -0.570796 0.135841 
0.0377499 0.0478291 0.939982 0.694151 -0.416592 2.95224 
0.0356213 -0.0156449 0.720221 -0.00787309 -0.341632 2.31234 
0.0177401 0.0154585 0.718212 0.183299 -0.241059 2.08281 
0.0711153 -0.0158358 0.720161 -0.0165294 -0.555747 2.31111 
0.0192951 0.0105611 0.136828 0.272699 -0.231912 0.128381 
0.00227672 0.0471626 0.901242 0.698067 -0.330434 2.96002 
0.0179663 -0.0255591 0.699434 -0.06317 -0.109302 2.16535 
0.053458 -0.0472672 0.739285 -0.202961 -0.563575 2.31265 
0.0346334 0.00566345 0.740535 0.0124431 -0.27734 2.3827 
0.0221429 -0.0338755 0.0572212 0.328916 -0.68018 -0.00525765 
0.0359973 0.0471944 0.901291 0.474918 -0.533533 2.95939 
0.0187267 -0.00575345 0.700117 0.163612 -0.306222 2.23921 
0.0382251 -0.0159728 0.758734 0.31295 -0.416417 2.30572 
0.0523792 -0.00519058 0.760461 -0.0574522 -0.504476 2.45634 
0.0211801 -0.0112872 0.0970598 0.357259 -0.365691 0.0610021 
0.0372357 -0.0354651 0.919412 0.0843953 -0.455158 2.88924 
0.0187267 -0.00575345 0.700117 0.163612 -0.306222 2.23921 
0.0365184 -0.0161849 0.700767 0.0970029 -0.411118 2.31532 
0.0524701 -0.0259589 0.7596 -0.182644 -0.499282 2.38301 
0.0567878 -0.0524836 0.155573 0.100303 -0.564572 0.130868 
0.0369186 0.0263208 0.939051 0.456056 -0.592109 2.88003 
0.0703298 -0.0369214 0.699954 -0.251338 -0.609024 2.24135 
0.0552323 -0.0258763 0.701487 0.143296 -0.335303 2.3903 
0.0694092 -0.0353313 0.762647 -0.350214 -0.413323 2.68535 
0.0532168 -0.0317047 0.0985752 -0.204945 -0.553452 0.214397 
0.000504699 0.0472889 0.89913 0.482944 -0.318547 2.73385 
0.0169533 -0.00553079 0.700225 -0.0508804 -0.295207 2.23981 
0.0178296 -0.00521344 0.719571 0.0587363 -0.236736 2.23624 
0.0525146 -0.0254399 0.742544 -0.178729 -0.377913 2.61223 
0.0717494 -0.0215695 0.136487 -0.0406614 -0.72644 0.131042 
0.0184767 -0.00458274 0.900278 0.16658 -0.413927 2.89005 
0.0888611 -0.0266898 0.740087 -0.0864247 -0.782883 2.38476 
0.0542206 -0.00594435 0.700058 0.154956 -0.520337 2.23799 
0.034793 -0.0349194 0.779832 -0.232571 -0.139866 2.45624 
0.0727819 -0.0423588 0.099117 -0.0570619 -0.669363 0.289904 
0.0538799 0.0159947 0.90108 0.283116 -0.633235 2.96216 
0.0533443 -0.00626171 0.680712 0.0453392 -0.578808 2.24156 
0.0186808 -0.00617607 0.719393 0.160326 -0.428463 2.23676 
0.0890193 -0.0671763 0.781603 -0.330809 -0.646281 2.68507 
0.093088 -0.0324462 0.136921 0.321715 -0.853367 0.205955 
0.0192843 0.0155492 0.879465 0.396019 -0.487736 2.73959 
0.0364725 -0.0166075 0.720043 0.093717 -0.533359 2.31286 
0.053413 -0.0260763 0.72087 -0.0744824 -0.446528 2.38844 
0.0533243 -0.0246878 0.819965 -0.0676571 -0.313726 2.59965 
0.0363463 -0.0421469 0.135685 -0.157197 -0.507132 0.0589331 
0.0370761 0.00511777 0.880115 0.329409 -0.592632 2.8157 
0.0532555 -0.00487323 0.779806 0.0521645 -0.446005 2.45277 
0.0195571 -0.00585872 0.738738 0.269943 -0.369992 2.23319 
0.018003 0.0206522 1.28243 0.312307 -0.139852 4.26585 
0.0539363 -0.0294678 0.27731 -0.0864186 -0.357334 0.639797 
0.0550497 -0.00595325 0.740899 0.261917 -0.584978 2.45873 
0.0185233 0.015027 0.778329 0.286973 -0.42794 2.30109 
0.0543574 -0.02629 0.679921 0.0330497 -0.392903 2.16711 
0.0180939 -0.000116088 1.28157 0.187114 -0.134658 4.19252 
0.052944 -0.0102968 0.239302 -0.0788697 -0.671196 0.720802 
0.0355754 -0.0160675 0.739496 -0.011159 -0.463873 2.30989 
0.00160652 0.0258721 0.799245 0.463829 -0.265445 2.44818 
0.0712497 -0.0576986 0.739934 -0.26957 -0.668471 2.38876 
0.0198223 0.0208522 1.26305 0.530085 -0.0286267 4.26771 
0.0174994 -0.0291595 0.316099 -0.185924 -0.195973 0.635591 
0.0176262 0.015567 0.797783 0.182097 -0.358454 2.29811 
0.0177616 -0.00468233 0.779866 0.0608209 -0.231891 2.454 
0.0373696 -0.0171475 0.700589 0.198593 -0.602845 2.31584 
0.0348725 0.00948082 1.28301 0.132795 -0.425459 4.34308 
0.0529025 -0.00858211 0.316901 -0.0693883 -0.415282 0.7077 
0.0354638 0.00555818 0.779157 0.118774 -0.341109 2.37667 
-7.60247e-005 0.00532646 0.798492 0.124144 -0.249235 2.37544 
0.0541032 0.0136403 0.683615 0.272751 -0.776599 2.54219 
-0.0176263 0.0410924 1.30041 0.442239 -0.0523 4.1112 
0.0725792 -0.0408618 0.277782 -0.0514379 -0.653956 0.716424 
0.0363609 0.00501817 0.759703 0.22365 -0.410596 2.37965 
0.0193546 0.0365352 0.77926 0.525068 -0.252423 2.37331 
0.0541999 -0.00508699 0.738857 0.159697 -0.39238 2.23144 
-0.000620079 0.00957536 1.28085 0.140821 -0.210473 4.11754 
0.0522273 -0.051197 0.259253 -0.4335 -0.592193 0.79792 
0.0186128 -0.00564496 0.779688 0.162411 -0.423617 2.45452 
0.0354638 0.00555818 0.779157 0.118774 -0.341109 2.37667 
0.0367243 -0.078055 0.756258 -0.277119 -0.38982 2.08631 
0.0366252 0.0101155 1.3217 0.352028 -0.308517 4.33593 
0.0369944 -0.0199026 0.278702 0.0824107 -0.445035 0.790985 
0.0541526 -0.00541324 0.760353 0.157041 -0.515492 2.45575 
0.0336653 0.00450086 0.759741 -0.103745 -0.580291 2.38136 
0.0355295 -0.0164901 0.758772 -0.014445 -0.586113 2.30743 
0.0179571 0.0202296 1.30171 0.309021 -0.262092 4.2634 
0.0538891 -0.0297941 0.298806 -0.0890747 -0.480445 0.864109 
-0.0178205 0.0160841 0.776346 0.19341 -0.0212277 2.07503 
0.0354387 0.0042782 0.759633 0.110747 -0.591307 2.38077 
0.0373488 -0.0162901 0.739388 0.203334 -0.474888 2.30929 
0.018048 -0.000538707 1.30085 0.183828 -0.256898 4.19007 
0.0538432 -0.0302167 0.318081 -0.0923606 -0.602686 0.861656 
0.0345623 0.00396085 0.740287 0.00113051 -0.649777 2.38434 
0.0364045 -0.0160764 0.780337 0.0958016 -0.528513 2.53062 
0.0541747 -0.00636697 0.719333 0.15167 -0.642577 2.23553 
0.0358397 -0.0109701 1.3015 0.117219 -0.361794 4.26617 
0.0361423 -0.0405536 0.31657 -0.150944 -0.492596 0.712218 
0.00261959 0.00584378 0.798454 0.45154 -0.0795396 2.37373 
0.0176928 0.0151322 0.739708 0.180643 -0.36417 2.30712 
0.01866 -0.00531871 0.758192 0.165067 -0.300506 2.23021 
0.0179571 0.0202296 1.30171 0.309021 -0.262092 4.2634 
0.0538432 -0.0302167 0.318081 -0.0923606 -0.602686 0.861656 
0.0372557 -0.017039 0.780159 0.197392 -0.72024 2.53115 
0.00086693 0.00520907 0.759762 0.232306 -0.196481 2.38087 
0.0353965 0.0252764 0.736779 0.237966 -0.472518 2.00302 
0.018945 -0.00107872 1.28139 0.288704 -0.326384 4.19304 
0.071705 -0.060559 0.356669 -0.279422 -0.574431 0.857873 
0.0532304 -0.00615321 0.760283 0.0441379 -0.696203 2.45687 
0.034677 -0.0154311 0.76117 -0.115405 -0.395258 2.53367 
0.0542206 -0.00594435 0.700058 0.154956 -0.520337 2.23799 
0.000165394 0.030661 1.30106 0.37563 -0.157196 4.1873 
0.0529669 -0.030534 0.298736 -0.201977 -0.661156 0.865228 
0.0178287 -0.026827 0.757261 -0.0730279 -0.476023 2.15799 
0.0532097 -0.00529585 0.799082 0.0488786 -0.568246 2.45032 
0.0364517 -0.0157501 0.758842 0.0984577 -0.405402 2.30631 
0.017887 0.0401405 1.26377 0.429472 -0.395243 4.34329 
0.0540694 -0.0712343 0.299303 -0.338829 -0.470929 0.944205 
0.000777455 0.025881 0.758404 0.356869 -0.200804 2.22744 
0.0186586 -0.00522234 0.760412 0.165697 -0.301377 2.45698 
0.0888611 -0.0266898 0.740087 -0.0864247 -0.782883 2.38476 
0.0357488 0.00979817 1.30236 0.242411 -0.366988 4.3395 
0.0538224 -0.0293593 0.356881 -0.0876199 -0.474729 0.855105 
0.0719236 -0.0149873 0.799802 0.0951719 -0.492431 2.5253 
0.0354179 0.00513556 0.798432 0.115488 -0.46335 2.37422 
0.0362922 0.0248327 0.719545 0.343472 -0.542875 2.23277 
0.018048 -0.000538707 1.30085 0.183828 -0.256898 4.19007 
0.0371081 -0.0609081 0.337275 -0.165889 -0.429802 0.862076 
0.0729115 -0.0362956 0.779487 0.0748557 -0.556723 2.45494 
0.0719443 -0.0158447 0.761003 0.0904312 -0.620388 2.53185 
0.0560169 -0.0264042 0.759384 0.246341 -0.521313 2.38182 
0.0366473 0.0091618 1.28068 0.346658 -0.435603 4.11572 
0.035314 -0.0598281 0.376182 -0.375641 -0.29083 0.85612 
0.0541067 -0.00583586 0.779628 0.153755 -0.637732 2.4533 
0.0372808 -0.015759 0.799683 0.205418 -0.470043 2.52705 
0.0354859 0.00460445 0.738137 0.113403 -0.468195 2.15645 
0.00110835 0.0305436 1.26233 0.483792 -0.104442 4.19273 
0.0547882 -0.0497139 0.377585 -0.102566 -0.411935 1.00496 
0.0550497 -0.00595325 0.740899 0.261917 -0.584978 2.45873 
0.0354179 0.00513556 0.798432 0.115488 -0.46335 2.37422 
0.0532777 -0.00582696 0.738787 0.046794 -0.573091 2.23256 
0.0179792 0.0192759 1.26069 0.30365 -0.389178 4.04319 
0.0530148 -0.0494912 0.377693 -0.317058 -0.40092 1.00556 
0.0185484 0.0163069 0.797853 0.295 -0.177743 2.29699 
0.0362241 0.0253638 0.77984 0.345556 -0.53803 2.45053 
0.0551419 -0.0268179 0.737818 0.136094 -0.578913 2.15863 
0.0366473 0.0091618 1.28068 0.346658 -0.435603 4.11572 
0.0726708 -0.0809136 0.377374 -0.294367 -0.511637 1.00773 
0.00135607 0.0872233 0.760809 0.834035 -0.408112 2.44797 
0.0549831 -0.00551851 0.798974 0.263371 -0.579261 2.44972 
0.0897582 -0.0272298 0.720633 0.0184513 -0.852369 2.38774 
0.0348739 0.00938445 1.28079 0.132165 -0.424587 4.11631 
0.0360995 -0.0387425 0.396389 -0.140832 -0.237553 0.925883 
0.0542871 -0.0472761 0.780126 -0.096 -0.628215 2.53339 
0.0523333 -0.0056132 0.779736 -0.0607381 -0.626717 2.45389 
0.0372593 0.00438179 0.738029 0.327896 -0.47921 2.15586 
0.0366473 0.0091618 1.28068 0.346658 -0.435603 4.11572 
0.0717036 -0.0604626 0.358889 -0.278792 -0.575302 1.08464 
0.036315 0.00459555 0.778979 0.220364 -0.532836 2.37719 
0.0016079 0.0257757 0.797025 0.463199 -0.264573 2.22142 
0.0550052 -0.00647224 0.757955 0.258001 -0.706347 2.22951 
0.0366909 -0.0119327 1.30132 0.218809 -0.553521 4.26669 
0.0717036 -0.0604626 0.358889 -0.278792 -0.575302 1.08464 
0.0371913 0.0049129 0.798324 0.329981 -0.474365 2.37362 
0.0549831 -0.00551851 0.798974 0.263371 -0.579261 2.44972 
0.0534338 -0.0269336 0.682071 -0.0792232 -0.574485 2.39499 
0.0366473 0.0091618 1.28068 0.346658 -0.435603 4.11572 
0.0724891 -0.039377 0.379096 -0.0439827 -0.522025 1.1544 
0.0196007 -0.0269533 0.759373 0.142095 -0.48791 2.38417 
0.0531202 0.0153761 0.797723 0.173441 -0.572568 2.29689 
0.0550511 -0.00604962 0.738679 0.261287 -0.584106 2.23196 
0.0358168 0.00926706 1.24206 0.240327 -0.371833 4.12174 
0.107062 -0.0404042 0.376747 -0.166172 -0.915979 0.927528 
0.0166833 0.0156844 0.836512 0.0739353 -0.411208 2.29268 
0.0718984 -0.0162673 0.780278 0.0871452 -0.742628 2.5294 
0.0186808 -0.00617607 0.719393 0.160326 -0.428463 2.23676 
0.0899316 -0.00136415 1.28349 0.272022 -0.755485 4.41736 
0.0894954 -0.0708941 0.359539 -0.345401 -0.680198 1.16074 
0.0363609 0.00501817 0.759703 0.22365 -0.410596 2.37965 
0.0541526 -0.00541324 0.760353 0.157041 -0.515492 2.45575 
0.0373696 -0.0171475 0.700589 0.198593 -0.602845 2.31584 
0.035771 0.00884444 1.26134 0.237041 -0.494074 4.11929 
0.0351551 -0.0385287 0.437338 -0.248364 -0.291179 1.14722 
0.0381105 0.00341916 0.737851 0.429486 -0.670937 2.15638 
0.0363609 0.00501817 0.759703 0.22365 -0.410596 2.37965 
0.0719457 -0.015941 0.758783 0.0898013 -0.619516 2.30509 
0.000166776 0.0305646 1.29884 0.375 -0.156325 3.96053 
0.0715462 -0.0392596 0.417825 -0.152145 -0.574779 1.14897 
0.0719686 -0.0361782 0.818216 -0.0333063 -0.609477 2.44951 
0.0176262 0.015567 0.797783 0.182097 -0.358454 2.29811 
0.0720366 -0.0367093 0.757921 -0.0353909 -0.614322 2.23175 
0.000141631 0.0292847 1.27931 0.366974 -0.406522 3.96463 
0.0883513 -0.0284791 0.43657 -0.199068 -0.614512 1.06866 
0.0719443 -0.0158447 0.761003 0.0904312 -0.620388 2.53185 
-0.0186753 -0.00437404 0.818654 -0.0386848 -0.0705306 2.44979 
0.0176483 0.0146132 0.756763 0.176727 -0.485539 2.0779 
0.0179585 0.0201332 1.29949 0.308391 -0.261221 4.03663 
0.0547202 -0.0491828 0.43788 -0.100481 -0.40709 1.22272 
0.0195112 -0.00628134 0.758014 0.266657 -0.492232 2.23073 
0.0362691 0.00417293 0.798254 0.217078 -0.655076 2.37474 
0.0354401 0.00418183 0.757413 0.110117 -0.590435 2.154 
0.0179571 0.0202296 1.30171 0.309021 -0.262092 4.2634 
0.106054 -0.0182386 0.435861 -0.141115 -0.72373 0.991335 
0.0364517 -0.0157501 0.758842 0.0984577 -0.405402 2.30631 
0.0185233 0.015027 0.778329 0.286973 -0.42794 2.30109 
0.0719471 -0.0160374 0.756562 0.0891715 -0.618645 2.07832 
0.035771 0.00884444 1.26134 0.237041 -0.494074 4.11929 
0.0715003 -0.0396822 0.437101 -0.155431 -0.69702 1.14652 
0.0550038 -0.00637587 0.760175 0.258631 -0.707218 2.45627 
0.0353721 0.00471294 0.817708 0.112202 -0.58559 2.37176 
0.0176483 0.0146132 0.756763 0.176727 -0.485539 2.0779 
0.036668 0.00830443 1.24188 0.341917 -0.56356 4.12227 
0.0360981 -0.0386461 0.398609 -0.140202 -0.238424 1.15265 
-0.0534291 0.035667 0.755523 0.318602 -0.061633 1.92692 
0.0362943 0.00545291 0.817778 0.225105 -0.404879 2.37064 
0.0364725 -0.0166075 0.720043 0.093717 -0.533359 2.31286 
0.00117406 0.00849534 1.24194 0.350573 -0.349445 4.12349 
0.0716356 -0.0599315 0.419184 -0.276707 -0.570457 1.3024 
0.0167247 0.0139696 0.758913 0.0644539 -0.667122 2.30578 
0.00171812 0.00424644 0.759584 0.333896 -0.388208 2.3814 
0.0542197 -0.0275579 0.737748 0.0231918 -0.759624 2.15975 
0.0179792 0.0192759 1.26069 0.30365 -0.389178 4.04319 
0.0529217 -0.0502401 0.418464 -0.323 -0.646272 1.22742 
0.0557448 0.0141908 0.797437 0.489524 -0.77531 2.29682 
0.0532991 -0.0259678 0.800441 -0.0756838 -0.563923 2.60375 
0.0542656 -0.0271353 0.718472 0.0264778 -0.637383 2.1622 
0.0188763 0.0187358 1.24123 0.408526 -0.458664 4.04616 
0.0537072 -0.0291544 0.438671 -0.0881914 -0.592995 1.29718 
0.0550038 -0.00637587 0.760175 0.258631 -0.707218 2.45627 
0.0364045 -0.0160764 0.780337 0.0958016 -0.528513 2.53062 
0.036428 -0.0171265 0.737098 0.0898012 -0.654728 2.08364 
0.0180242 -0.00191506 1.2791 0.175172 -0.506224 3.9674 
0.0360958 -0.0601633 0.438519 -0.271337 -0.478583 1.30117 
0.0719893 -0.0370356 0.779417 -0.038047 -0.737434 2.45606 
0.0353721 0.00471294 0.817708 0.112202 -0.58559 2.37176 
0.0186349 -0.00659869 0.738668 0.15704 -0.550703 2.23431 
-0.000709554 0.0302473 1.27949 0.265383 -0.214795 3.9641 
0.0520246 -0.0497001 0.437918 -0.427876 -0.576786 1.22444 
0.0719457 -0.015941 0.758783 0.0898013 -0.619516 2.30509 
0.0185934 -0.00488397 0.816267 0.166522 -0.294789 2.22121 
0.0541747 -0.00636697 0.719333 0.15167 -0.642577 2.23553 
0.0356801 0.0296127 1.2622 0.362233 -0.499267 4.19262 
0.0902578 -0.0704682 0.458455 -0.236986 -0.739122 1.37248 
0.037257 -0.0171354 0.777939 0.196762 -0.719369 2.30438 
0.0186128 -0.00564496 0.779688 0.162411 -0.423617 2.45452 
0.0162356 -0.0680445 0.757866 -0.537275 -0.455491 2.23868 
0.0367381 -0.0116065 1.27982 0.221465 -0.430409 4.04238 
0.0547652 -0.0703737 0.456294 -0.228959 -0.524136 1.14694 
0.0550947 -0.0271442 0.759313 0.133438 -0.702024 2.38294 
0.000481012 0.00744201 1.08051 0.239443 -0.294495 3.46723 
0.0197146 -0.0270618 0.679802 0.143296 -0.370515 2.16886 
0.0718562 0.0047309 0.757424 0.214364 -0.623839 2.15166 
0.0365426 -0.0365184 0.757981 -0.0267346 -0.400208 2.23298 
0.03547 -0.0424642 0.11634 -0.266814 -0.565602 0.0625059 
0.0191705 0.0156577 0.959036 0.394817 -0.605131 2.9549 
0.0542656 -0.0271353 0.718472 0.0264778 -0.637383 2.1622 
0.0533914 -0.0468324 0.79736 -0.201506 -0.557858 2.30365 
0.0567993 -0.00755226 0.719047 0.467753 -0.845319 2.23546 
0.0548998 -0.032869 0.134798 0.00234573 -0.808077 -0.0178705 
0.0893508 -0.00485605 0.979729 0.148066 -0.959551 3.1029 
0.0365633 -0.0373758 0.719181 -0.0314753 -0.528165 2.23953 
0.0542448 -0.0262779 0.757272 0.0312185 -0.509426 2.15565 
0.0364517 -0.0157501 0.758842 0.0984577 -0.405402 2.30631 
0.0549892 -0.0535409 0.136157 -0.122217 -0.803754 0.13556 
0.00057114 0.00595717 0.979198 0.231988 -0.426426 3.02925 
0.0710694 -0.0162584 0.739437 -0.0198154 -0.677987 2.30866 
0.0382909 -0.0380211 0.738349 0.179732 -0.661421 2.23648 
0.0719264 -0.01518 0.795362 0.0939122 -0.490688 2.07177 
0.0718839 -0.0634323 0.156261 -0.293702 -0.839164 0.208685 
0.0378385 0.00554361 0.979031 0.437825 -0.651556 3.02743 
0.0711153 -0.0158358 0.720161 -0.0165294 -0.555747 2.31111 
0.0551405 -0.0267215 0.740038 0.136724 -0.579784 2.38539 
0.0541081 -0.00593223 0.777408 0.153125 -0.636861 2.22653 
0.0559115 -0.052801 0.136227 -0.00931397 -0.623043 0.134441 
0.000481664 0.0266291 0.97784 0.356551 -0.430748 2.87582 
0.0541747 -0.00636697 0.719333 0.15167 -0.642577 2.23553 
0.0542884 -0.0473725 0.777906 -0.0966299 -0.627344 2.30663 
0.0711381 -0.0360729 0.779595 -0.139637 -0.545708 2.45554 
0.0726694 -0.0423467 0.176467 -0.0588931 -0.785887 0.278447 
0.0545542 0.0369961 0.996417 0.515464 -0.695611 2.79369 
0.0355318 0.00502707 0.718862 0.116689 -0.345955 2.15891 
0.0525358 -0.0480072 0.739215 -0.315863 -0.744286 2.31377 
0.0195112 -0.00628134 0.758014 0.266657 -0.492232 2.23073 
0.0184179 -0.0113698 0.155173 0.0313183 -0.52967 0.0537123 
0.036156 -0.015002 0.978278 0.0981396 -0.635346 2.95469 
0.0018756 -0.0169566 0.700648 0.207249 -0.38873 2.31707 
0.0195571 -0.00585872 0.738738 0.269943 -0.369992 2.23319 
0.0710922 -0.0364956 0.798871 -0.142923 -0.667948 2.45309 
0.0363463 -0.0421469 0.135685 -0.157197 -0.507132 0.0589331 
0.0183193 0.0166203 0.959214 0.293227 -0.413404 2.95438 
0.0534603 -0.02575 0.699375 -0.0718263 -0.323417 2.16413 
0.0711381 -0.0360729 0.779595 -0.139637 -0.545708 2.45554 
0.0542894 -0.0257589 0.740216 0.0351343 -0.388057 2.38487 
0.0380531 -0.0419348 0.193652 0.0587501 -0.51243 0.0493343 
0.0192163 0.0160803 0.93976 0.398103 -0.48289 2.95735 
0.0543343 -0.0469498 0.75863 -0.0933439 -0.505104 2.30908 
0.0354638 0.00555818 0.779157 0.118774 -0.341109 2.37667 
0.0354401 0.00418183 0.757413 0.110117 -0.590435 2.154 
0.0547868 -0.011147 0.176679 0.132909 -0.686185 0.27568 
0.0538568 -0.00466515 0.979789 0.156722 -0.745436 3.10413 
0.0540853 0.014305 0.717975 0.276232 -0.6469 2.0821 
0.0541081 -0.00593223 0.777408 0.153125 -0.636861 2.22653 
0.0532555 -0.00487323 0.779806 0.0521645 -0.446005 2.45277 
0.0549042 -0.0307317 0.193121 0.0151131 -0.429922 -0.0285185 
0.0192163 0.0160803 0.93976 0.398103 -0.48289 2.95735 
0.0354859 0.00460445 0.738137 0.113403 -0.468195 2.15645 
0.0355547 -0.0152101 0.778295 -0.00641833 -0.335916 2.30333 
0.0532991 -0.0259678 0.800441 -0.0756838 -0.563923 2.60375 
0.0709868 -0.0628923 0.175714 -0.398578 -0.769678 0.205707 
-0.018051 0.0164939 0.939927 0.192267 -0.25776 2.95918 
0.0897582 -0.0272298 0.720633 0.0184513 -0.852369 2.38774 
0.0541976 -0.0266042 0.778767 0.0285624 -0.632538 2.37996 
0.0701502 -0.0147646 0.79991 -0.119321 -0.481415 2.5259 
0.0025799 -0.0426013 0.154912 0.0626658 -0.426273 0.0571107 
0.0191705 0.0156577 0.959036 0.394817 -0.605131 2.9549 
0.0543551 -0.0478072 0.719831 -0.0980846 -0.633061 2.31563 
0.016999 -0.0460052 0.819093 -0.297096 -0.275129 2.52866 
0.0347012 -0.0357646 0.818383 -0.239143 -0.384347 2.45133 
0.0369951 -0.000715561 0.176029 0.199518 -0.581289 0.199577 
0.0378399 0.00544724 0.976811 0.437195 -0.650684 2.80067 
8.28392e-005 -0.0159729 0.737335 -0.00313256 -0.248887 2.08435 
0.0720802 -0.0578039 0.778556 -0.163239 -0.73224 2.38273 
0.105824 -0.0563958 0.800348 -0.377732 -0.686013 2.60477 
0.089564 -0.0522381 0.196571 -0.230378 -0.821297 0.351572 
0.0368727 0.0258982 0.958327 0.45277 -0.714349 2.87757 
0.0373502 -0.0163865 0.737168 0.202704 -0.474017 2.08252 
0.0737182 -0.0377772 0.796364 0.17253 -0.869818 2.22625 
0.0525137 -0.0470534 0.780234 -0.310493 -0.6172 2.53399 
0.0548776 -0.0319153 0.175818 0.0077163 -0.680991 0.202345 
0.0360423 0.0260035 0.919705 0.346439 -0.65058 2.8836 
0.0693375 -0.0177504 0.661946 -0.24379 -0.922885 2.32236 
0.0177378 -0.00605868 0.758122 0.0521644 -0.481217 2.23133 
0.0729537 -0.0572938 0.802341 -0.0523628 -0.675512 2.83269 
0.0203266 -0.0318418 0.137148 0.124535 -0.414122 0.209002 
0.0370094 0.00555251 0.93819 0.330864 -0.586915 2.80669 
0.0533685 -0.0265953 0.737926 -0.0783983 -0.567897 2.15922 
0.0186141 -0.00574133 0.777468 0.161781 -0.422746 2.22776 
0.0515958 -0.0456561 0.838487 -0.410628 -0.419757 2.52446 
0.0549478 -0.0518262 0.213756 -0.112735 -0.54784 0.122459 
0.000707882 -0.0143885 0.959062 0.110082 -0.298992 2.95837 
0.0374397 -0.0370584 0.738527 0.0781415 -0.469694 2.23596 
0.0549844 -0.00561488 0.796754 0.262741 -0.57839 2.22296 
0.0854725 -0.066731 0.781819 -0.759794 -0.62425 2.68626 
0.0717723 -0.0418067 0.195921 -0.163769 -0.716401 0.275469 
0.0183642 -0.00457061 0.977628 0.164749 -0.530451 2.87859 
-0.0178205 0.0160841 0.776346 0.19341 -0.0212277 2.07503 
0.0364266 -0.0170301 0.739318 0.090431 -0.655599 2.31041 
0.034793 -0.0349194 0.779832 -0.232571 -0.139866 2.45624 
0.0379623 -0.0211665 0.194514 0.183942 -0.517624 0.122669 
0.0191718 0.0155613 0.956816 0.394187 -0.604259 2.72814 
0.0906359 -0.0270088 0.737759 0.127438 -0.793027 2.1574 
0.0365426 -0.0365184 0.757981 -0.0267346 -0.400208 2.23298 
0.0508549 -0.0662227 0.801224 -0.641521 -0.351665 2.68392 
0.0363005 -0.0425695 0.154961 -0.160483 -0.629372 0.0564798 
0.0548012 -0.00487891 0.93884 0.264255 -0.691811 2.88279 
0.071113 -0.0373529 0.760071 -0.147664 -0.795905 2.45964 
0.105689 -0.0361465 0.818265 -0.256455 -0.812576 2.44888 
0.072058 -0.0568501 0.819575 -0.157869 -0.605154 2.60294 
0.0192942 -0.0110524 0.174518 0.140935 -0.471199 0.0501396 
0.0193072 -0.004688 0.938899 0.272911 -0.477696 2.88402 
0.107395 -0.0166509 0.775779 0.0772292 -0.955 2.07464 
0.0204991 -0.0275896 0.737699 0.246341 -0.556525 2.16038 
0.0711402 -0.0554528 0.877828 -0.258004 -0.407711 2.59342 
0.0194745 -0.0524927 0.175016 -0.10882 -0.461683 0.130235 
0.0192177 0.0159839 0.93754 0.397473 -0.482019 2.73059 
0.0550511 -0.00604962 0.738679 0.261287 -0.584106 2.23196 
0.0719434 -0.0374582 0.798692 -0.041333 -0.859674 2.45361 
0.0721475 -0.0775221 0.820934 -0.282431 -0.600832 2.75637 
0.0540922 -0.0530009 0.155611 -0.227093 -0.734268 0.132582 
0.0371003 -0.0152158 0.937329 0.205672 -0.581721 2.73336 
0.0196021 -0.0270496 0.757153 0.141465 -0.487038 2.1574 
0.0345857 -0.0379862 0.835191 -0.254371 -0.878154 2.22376 
0.0888861 -0.0663068 0.897753 -0.327899 -0.634848 2.66706 
0.035402 -0.0419331 0.176635 -0.264729 -0.560757 0.280268 
0.0370094 0.00555251 0.93819 0.330864 -0.586915 2.80669 
0.0346783 -0.0155275 0.75895 -0.116035 -0.394386 2.30691 
0.0364967 -0.036941 0.777256 -0.0300205 -0.522448 2.23052 
0.0534366 -0.0655969 0.880757 -0.315327 -0.299364 2.89751 
0.0717264 -0.0422293 0.215197 -0.167055 -0.838641 0.273016 
0.0165221 0.0154666 0.937578 0.0700779 -0.651715 2.7323 
0.0542435 -0.0261815 0.759492 0.0318483 -0.510298 2.38241 
0.0364059 -0.0161727 0.778117 0.0951717 -0.527642 2.30386 
0.0720138 -0.0549427 0.901614 -0.147128 -0.350983 3.04337 
0.0184866 -0.0311844 0.195331 -0.0885034 -0.39739 0.200592 
0.0370094 0.00555251 0.93819 0.330864 -0.586915 2.80669 
0.0364059 -0.0161727 0.778117 0.0951717 -0.527642 2.30386 
0.0550052 -0.00647224 0.757955 0.258001 -0.706347 2.22951 
0.105916 -0.0964475 0.89994 -0.620661 -0.543695 2.89607 
0.0195168 -0.0734908 0.19787 -0.236038 -0.580472 0.507978 
0.0530278 -0.00465625 0.938948 0.0497618 -0.680795 2.88339 
0.0354836 -0.0169127 0.778047 -0.017731 -0.708353 2.30498 
0.0551648 -0.0470551 0.797252 0.0129869 -0.568873 2.30305 
0.0533264 -0.0440676 0.918198 -0.186024 -0.17573 2.73753 
-0.0339915 -0.000430128 0.173928 0.216201 -0.152189 -0.0247371 
0.0353269 -0.0149931 0.937437 -0.00882103 -0.570706 2.73395 
0.0542227 -0.0253242 0.798291 0.036589 -0.382341 2.37586 
0.0541976 -0.0266042 0.778767 0.0285624 -0.632538 2.37996 
0.0356449 -0.0551655 0.880107 -0.248718 -0.194468 2.82141 
0.0548569 -0.0310579 0.214617 0.012457 -0.553034 0.195794 
0.0557891 -0.0261872 0.918525 0.243938 -0.756103 2.81244 
0.0541976 -0.0266042 0.778767 0.0285624 -0.632538 2.37996 
0.0373029 -0.0167128 0.758664 0.200048 -0.597128 2.30684 
0.088819 -0.0441622 0.920358 -0.194051 -0.390716 2.96307 
0.0558448 -0.0523662 0.194302 -0.00785921 -0.617326 0.125437 
0.0530278 -0.00465625 0.938948 0.0497618 -0.680795 2.88339 
0.0542884 -0.0473725 0.777906 -0.0966299 -0.627344 2.30663 
0.0710922 -0.0364956 0.798871 -0.142923 -0.667948 2.45309 
0.0702404 -0.05472 0.901722 -0.36162 -0.339968 3.04397 
0.0549478 -0.0518262 0.213756 -0.112735 -0.54784 0.122459 
0.0539248 -0.00519626 0.919494 0.154638 -0.750282 2.88637 
0.0736066 -0.0161516 0.836025 0.302463 -0.747055 2.29303 
0.0364967 -0.036941 0.777256 -0.0300205 -0.522448 2.23052 
0.0881022 -0.0850624 0.940309 -0.548681 -0.311713 3.04019 
0.0726027 -0.0419119 0.234542 -0.0574383 -0.78017 0.269443 
0.0370553 0.00597513 0.918914 0.33415 -0.464675 2.80914 
0.0354836 -0.0169127 0.778047 -0.017731 -0.708353 2.30498 
0.0373029 -0.0167128 0.758664 0.200048 -0.597128 2.30684 
0.0534617 -0.0643169 0.900281 -0.3073 -0.0491669 2.89341 
0.0701105 -0.0632097 0.156368 -0.508195 -0.828149 0.20928 
0.0192177 0.0159839 0.93754 0.397473 -0.482019 2.73059 
0.0550947 -0.0271442 0.759313 0.133438 -0.702024 2.38294 
0.0550947 -0.0271442 0.759313 0.133438 -0.702024 2.38294 
0.0699934 -0.0128451 0.959299 -0.110411 -0.343768 2.95487 
0.0904403 -0.0519207 0.215916 -0.120762 -0.762826 0.347999 
0.0183414 0.0156666 0.918194 0.287857 -0.54049 2.73416 
0.0355088 -0.0156327 0.797571 -0.00970429 -0.458156 2.30088 
0.0372363 -0.016278 0.816739 0.201502 -0.591412 2.29783 
0.0523348 -0.0441801 0.980642 -0.296212 -0.352467 3.18317 
0.0372891 -0.0831613 0.235099 -0.298537 -0.556539 0.350764 
0.0184115 -0.00424436 0.956132 0.167405 -0.407339 2.65428 
0.0719686 -0.0361782 0.818216 -0.0333063 -0.609477 2.44951 
0.0532546 -0.0264868 0.817496 -0.0795996 -0.685292 2.37453 
0.0514836 -0.0432175 0.98082 -0.397802 -0.16074 3.18265 
0.0184866 -0.0311844 0.195331 -0.0885034 -0.39739 0.200592 
0.036224 -0.0155331 0.917983 0.096055 -0.640192 2.73693 
0.0355088 -0.0156327 0.797571 -0.00970429 -0.458156 2.30088 
0.0364967 -0.036941 0.777256 -0.0300205 -0.522448 2.23052 
0.0524256 -0.0649484 0.979781 -0.421404 -0.347273 3.10984 
0.0371547 -0.0412984 0.215326 -0.045496 -0.443816 0.273122 
0.0539698 -0.0263872 0.937908 0.0261597 -0.867328 2.81058 
-2.96712e-005 -0.0159608 0.814686 -0.00496376 -0.36541 2.07289 
0.0542426 -0.0477951 0.797181 -0.0999158 -0.749584 2.30417 
0.0701265 -0.0546115 0.981292 -0.362822 -0.457363 3.25928 
0.0371088 -0.041721 0.234602 -0.048782 -0.566056 0.270669 
0.0184574 -0.00382174 0.936857 0.170691 -0.285099 2.65673 
0.0541976 -0.0266042 0.778767 0.0285624 -0.632538 2.37996 
0.0541517 -0.0270268 0.798043 0.0252764 -0.754778 2.37751 
0.0524256 -0.0649484 0.979781 -0.421404 -0.347273 3.10984 
0.0540242 -0.0524698 0.215906 -0.225008 -0.729423 0.350344 
0.054199 -0.0267005 0.776547 0.0279325 -0.631667 2.1532 
0.0543703 0.0185449 1.24118 0.39987 -0.672778 4.04494 
0.0358945 -0.0587627 0.614964 -0.266343 -0.462304 1.50093 
0.0542197 -0.0275579 0.737748 0.0231918 -0.759624 2.15975 
0.0540401 -0.00540112 0.837703 0.155209 -0.632015 2.44429 
0.00185387 0.000757774 0.574011 0.31507 -0.773438 1.27623 
0.0544611 -0.00222335 1.24031 0.274678 -0.667584 3.9716 
0.054403 -0.0282939 0.595662 0.0216787 -0.646203 1.49991 
0.0549593 -0.00689486 0.77723 0.254715 -0.828587 2.22706 
0.0184774 0.0146043 0.797605 0.283687 -0.55018 2.29864 
0.0185875 0.0315456 0.557038 0.389229 -0.947193 1.50257 
0.072207 -0.0130774 1.26024 0.204782 -0.894721 4.04525 
0.0367007 -0.0385344 0.596371 -0.0362743 -0.536984 1.57724 
0.0373938 -0.037481 0.757802 0.0748555 -0.591934 2.2335 
0.0363392 -0.015738 0.836192 0.0966265 -0.521925 2.29486 
0.00171804 0.042717 0.556458 0.568741 -0.661586 1.42535 
-0.0344975 0.0499337 1.23707 0.607724 -0.143105 3.59109 
0.0544016 -0.0281975 0.597882 0.0223085 -0.647074 1.72668 
0.055096 -0.0272405 0.757093 0.132809 -0.701153 2.15617 
0.0344957 0.00439559 0.798362 0.00258526 -0.644061 2.37534 
0.00263934 0.0218434 0.594218 0.549879 -0.720162 1.34599 
0.0358588 -0.0141576 1.19993 0.0984513 -0.866163 3.82984 
0.0358037 -0.0379944 0.615825 -0.14115 -0.467498 1.57426 
0.0381762 -0.0186291 0.717466 0.296267 -0.91594 2.08715 
0.0362691 0.00417293 0.798254 0.217078 -0.655076 2.37474 
0.00275232 0.000121395 0.552338 0.419316 -0.842053 1.05244 
0.0367603 -0.0125602 1.2388 0.216095 -0.557494 3.82217 
0.0525387 -0.00730291 0.596632 -0.0676218 -0.640381 1.57384 
0.036428 -0.0171265 0.737098 0.0898012 -0.654728 2.08364 
0.0540608 -0.00625848 0.798904 0.150469 -0.759972 2.45084 
0.037257 0.0213352 0.574813 0.431606 -0.992747 1.34833 
0.0534732 0.019085 1.26063 0.294994 -0.603292 4.04196 
0.0712504 -0.0385115 0.637261 -0.152463 -0.804724 1.79735 
0.0541747 -0.00636697 0.719333 0.15167 -0.642577 2.23553 
0.0362232 0.00375032 0.81753 0.213792 -0.777317 2.37229 
0.00270735 0.0213123 0.533923 0.547794 -0.725007 1.12823 
0.0012663 -0.0123693 1.23886 0.224751 -0.34338 3.82339 
0.0367916 -0.0593027 0.59551 -0.161467 -0.53179 1.5039 
0.0373043 -0.0168091 0.756444 0.199418 -0.596257 2.08007 
0.0354836 -0.0169127 0.778047 -0.017731 -0.708353 2.30498 
0.039142 -0.000513147 0.535045 0.516166 -1.12653 1.28096 
0.000300494 0.00798525 1.21816 0.239697 -0.406173 3.67353 
0.0536413 -0.0480032 0.597199 -0.204474 -0.450154 1.65282 
0.0196943 -0.0479143 0.754071 0.0156428 -0.480973 1.8573 
0.0363392 -0.015738 0.836192 0.0966265 -0.521925 2.29486 
0.00178513 0.0205723 0.533853 0.434892 -0.905718 1.12935 
0.0189685 -0.00212882 1.23815 0.282704 -0.452599 3.74606 
0.0198061 -0.028643 0.576268 0.135211 -0.501574 1.50411 
0.0195126 -0.00637771 0.755794 0.266027 -0.491361 2.00397 
0.0371904 -0.0167006 0.836014 0.198217 -0.713652 2.29538 
0.0204303 0.0306955 0.494415 0.601007 -0.962182 1.05745 
0.0545727 -0.023849 1.20065 0.144745 -0.790347 3.90482 
0.0553688 -0.0486484 0.616367 0.00673303 -0.583409 1.64977 
0.0381105 0.00341916 0.737851 0.429486 -0.670937 2.15638 
0.0193078 0.0144991 0.836226 0.390018 -0.61395 2.29261 
0.0365395 -0.000281591 0.494311 0.194712 -1.05087 1.06081 
0.0526397 0.0169565 1.16146 0.175266 -0.916805 3.83187 
0.0534838 -0.0268001 0.656135 -0.0778268 -0.449631 1.71715 
0.0568443 -0.0287432 0.737462 0.339275 -0.962366 2.15968 
0.0184359 0.0163191 0.875203 0.293169 -0.294266 2.28554 
0.0195782 0.0100446 0.532283 0.367653 -1.00974 0.978682 
0.0376573 -0.0131002 1.21935 0.320971 -0.626981 3.82514 
0.0551862 -0.0287254 0.655779 0.125353 -0.833084 1.7182 
0.0559036 -0.00710862 0.736281 0.362247 -0.774962 2.00572 
0.00075442 0.0052212 0.837113 0.230475 -0.313005 2.36942 
0.0739904 0.000995325 0.417042 0.413693 -0.787038 1.0688 
0.0535862 -0.00263707 1.21875 0.164431 -0.725184 3.74841 
0.0534379 -0.0272227 0.675411 -0.0811127 -0.571871 1.71469 
0.0381119 0.0033228 0.735631 0.428856 -0.670066 1.92962 
0.0540401 -0.00540112 0.837703 0.155209 -0.632015 2.44429 
0.0195805 0.0315617 0.492373 0.498787 -0.769585 0.830158 
0.0358632 -0.0120202 1.25826 0.111219 -0.488008 3.81919 
0.0179647 -0.0278892 0.636671 -0.0771971 -0.485714 1.72247 
0.0727983 -0.017 0.756384 0.190762 -0.810371 2.07885 
0.019333 0.0157791 0.85575 0.398045 -0.363753 2.28851 
0.037393 0.0202729 0.454223 0.427437 -1.00244 0.912811 
0.0366007 0.0280226 1.19951 0.461109 -0.694968 3.74862 
0.089088 -0.0485203 0.618635 -0.215786 -0.78738 1.8759 
0.0016314 0.0247256 0.753786 0.457199 -0.390788 1.77444 
0.0362484 0.0050303 0.837054 0.221819 -0.527119 2.36819 
0.0187042 0.0312444 0.473027 0.38917 -0.828055 0.833731 
0.0366915 0.00725434 1.19865 0.335916 -0.689774 3.67528 
0.0543557 -0.0286201 0.617158 0.0190226 -0.769314 1.72422 
0.0541302 -0.00688596 0.736389 0.147754 -0.763946 2.00632 
0.0549831 -0.00551851 0.798974 0.263371 -0.579261 2.44972 
0.0374389 0.0206956 0.434948 0.430723 -0.880197 0.915264 
0.0350099 0.00832223 1.1602 0.127996 -0.434278 3.68079 
0.0712068 -0.017417 0.616627 -0.0246144 -0.686806 1.64637 
0.0541761 -0.00646334 0.717113 0.15104 -0.641706 2.00877 
0.0362025 0.00460768 0.856329 0.218533 -0.64936 2.36574 
0.020636 0.0314322 0.376293 0.60878 -0.600307 0.847047 
0.000211019 0.0286572 1.2168 0.364259 -0.410496 3.5201 
0.0516438 -0.0261427 0.714318 -0.290865 -0.432899 1.70874 
0.0543106 -0.0483262 0.736887 -0.102 -0.75443 2.08641 
0.0195133 -0.0256612 0.856247 0.14829 -0.354236 2.36861 
0.000147746 0.0197328 0.413371 0.21623 -0.904393 0.694417 
0.0198864 -0.00352619 1.1799 0.382839 -0.650042 3.75559 
0.0347699 -0.0171087 0.655415 -0.12412 -0.525446 1.64216 
0.0543106 -0.0483262 0.736887 -0.102 -0.75443 2.08641 
0.0363392 -0.015738 0.836192 0.0966265 -0.521925 2.29486 
0.0340244 -0.00134214 0.356704 -0.132936 -1.10889 0.85622 
0.0731513 -0.0132911 1.21929 0.312314 -0.841095 3.82392 
0.035621 -0.0180713 0.655237 -0.02253 -0.717172 1.64269 
0.0559495 -0.006686 0.717005 0.365533 -0.652721 2.00817 
0.0360667 0.0465669 0.838776 0.472203 -0.537507 2.51486 
0.0561749 0.0100504 0.394648 0.471646 -0.931468 0.770032 
0.0901126 -0.0236173 1.18132 0.139374 -0.882222 3.90605 
0.0357564 -0.0383206 0.637321 -0.143806 -0.59061 1.79857 
0.0548483 0.0339179 0.714218 0.501755 -0.842078 1.70243 
0.0185669 -0.00606758 0.798963 0.159125 -0.545858 2.45207 
0.00129756 -0.0206412 0.392443 0.082034 -0.591054 0.549081 
0.0553803 -0.00371709 1.17984 0.374183 -0.864156 3.75437 
0.0178752 -0.00721727 0.635312 0.0473653 -0.490036 1.56904 
0.0382473 -0.0169265 0.717715 0.30758 -0.543503 2.0855 
0.0373258 -0.0369499 0.818097 0.0769401 -0.587089 2.45126 
0.0189984 -0.0103043 0.393954 0.140617 -0.701144 0.698518 
0.0544625 -0.00231972 1.23809 0.274048 -0.666713 3.74484 
0.0532576 0.0142175 0.674913 0.168642 -0.581388 1.6346 
0.0355517 -0.0174438 0.717752 -0.0198156 -0.713198 2.08722 
0.0541517 -0.0270268 0.798043 0.0252764 -0.754778 2.37751 
0.0196026 0.030608 0.451354 0.493416 -0.89667 0.609943 
0.0190815 -0.0238508 1.19627 0.152141 -0.57449 3.45251 
0.0543578 -0.0479999 0.715391 -0.0993443 -0.631318 1.8621 
0.0196035 -0.027146 0.754933 0.140835 -0.486167 1.93063 
0.0177148 -0.0267185 0.836831 -0.0742292 -0.593418 2.3733 
0.0189297 0.00951022 0.353796 0.260439 -0.833423 0.551638 
0.0554504 -0.023628 1.21778 0.253732 -0.731005 3.67448 
0.0179439 -0.0270318 0.67547 -0.0724564 -0.357757 1.71592 
0.089894 -0.069189 0.738186 -0.235219 -0.964222 2.23862 
0.0531638 -0.00571847 0.818358 0.0455926 -0.690486 2.44787 
0.0208834 -0.0321527 0.354186 0.225177 -0.834922 0.631139 
0.0180477 -0.00296515 1.23586 0.169172 -0.632438 3.52042 
0.0365868 -0.0384259 0.675942 -0.0374757 -0.654379 1.79255 
0.0364946 -0.0175612 0.679023 0.0883464 -0.660444 2.09265 
0.0194432 -0.00575023 0.818309 0.268742 -0.487387 2.4485 
0.0741241 -0.0215841 0.336362 0.278389 -1.03689 0.781804 
0.0358403 0.00821696 1.19882 0.234326 -0.498048 3.67476 
0.036496 -0.0176576 0.676803 0.0877165 -0.659573 1.86588 
0.0364294 -0.0172228 0.734878 0.0891713 -0.653856 1.85688 
0.0362025 0.00460768 0.856329 0.218533 -0.64936 2.36574 
0.0376886 -0.0213721 0.37293 0.178254 -0.874655 0.550833 
0.0349181 0.00747699 1.19875 0.121424 -0.678759 3.67588 
0.0728677 -0.0176275 0.693869 0.188047 -0.814345 1.63432 
0.0364753 -0.0168002 0.715602 0.0924573 -0.531616 1.85933 
0.0196263 -0.0473832 0.814366 0.0177274 -0.476128 2.07506 
0.0553666 0.00920193 0.315008 0.359944 -0.994784 0.555843 
0.0536321 -0.00221445 1.19947 0.167717 -0.602943 3.75086 
0.036496 -0.0176576 0.676803 0.0877165 -0.659573 1.86588 
0.0525372 -0.0481035 0.736994 -0.316493 -0.743414 2.08701 
0.0187265 -0.0466504 0.83826 -0.0858889 -0.408384 2.52561 
0.0208398 -0.0110581 0.333551 0.353025 -0.717005 0.480161 
0.00124483 0.00777149 1.17721 0.347229 -0.352548 3.4522 
0.036496 -0.0176576 0.676803 0.0877165 -0.659573 1.86588 
0.0721023 -0.0587576 0.737536 -0.16861 -0.859326 2.16251 
0.000685684 0.0250358 0.796955 0.350297 -0.445284 2.22254 
0.0199428 -0.0105181 0.353005 0.248149 -0.647518 0.477184 
0.0731972 -0.0128685 1.20001 0.3156 -0.718855 3.82637 
0.0374632 -0.0381085 0.695288 0.072141 -0.595908 1.78897 
0.0543564 -0.0479036 0.717611 -0.0987145 -0.632189 2.08886 
0.0531845 -0.00657583 0.779558 0.0408519 -0.818443 2.45442 
0.0376657 -0.00113495 0.313497 0.301361 -0.884694 0.406406 
0.0359312 -0.0125513 1.19796 0.109134 -0.492854 3.60143 
0.0356898 -0.0378859 0.695395 -0.142352 -0.584893 1.78957 
0.0365188 -0.0378948 0.736237 -0.0353911 -0.649534 2.01031 
0.0362934 -0.0161606 0.855468 0.0933405 -0.644166 2.2924 
0.0741462 -0.0225378 0.295342 0.273019 -1.16397 0.561589 
0.0368283 -0.0130913 1.17851 0.21401 -0.56234 3.6044 
0.0357105 -0.0387432 0.656596 -0.147092 -0.71285 1.79612 
0.0562207 -0.0688945 0.716642 -0.00941398 -0.638011 2.01494 
0.0372156 -0.0154206 0.855538 0.206243 -0.463455 2.29128 
0.0731804 -0.00218322 0.274638 0.287964 -1.22677 0.411731 
0.0189907 -0.00308255 1.19713 0.277334 -0.579684 3.52585 
0.0196715 -0.0276771 0.694638 0.13875 -0.491012 1.71287 
0.0373952 -0.0375774 0.755582 0.0742256 -0.591063 2.00674 
0.0372363 -0.016278 0.816739 0.201502 -0.591412 2.29783 
0.019874 0.00929646 0.312847 0.367971 -0.779798 0.330304 
0.0368283 -0.0130913 1.17851 0.21401 -0.56234 3.6044 
0.0187043 -0.00722617 0.676153 0.154326 -0.554677 1.78978 
0.0367464 -0.0790087 0.715239 -0.28249 -0.516906 1.86609 
0.0371455 0.00449029 0.8176 0.326695 -0.596606 2.37117 
0.038588 -0.000394984 0.313567 0.414264 -0.703983 0.405287 
0.0359312 -0.0125513 1.19796 0.109134 -0.492854 3.60143 
0.0535274 -0.0478947 0.67677 -0.205675 -0.567549 1.86813 
0.0187271 -0.0274634 0.735587 0.0312183 -0.544638 1.93421 
0.0202049 0.0139591 0.816772 0.494894 -0.683436 2.29559 
0.0385642 -0.00177133 0.291823 0.405607 -0.953309 0.182618 
0.0377496 -0.0339649 1.21627 0.195149 -0.620915 3.52504 
0.0552549 -0.0485399 0.695937 0.00553168 -0.700804 1.86508 
0.0187271 -0.0274634 0.735587 0.0312183 -0.544638 1.93421 
0.0905197 -0.0484175 0.857239 -0.0048975 -1.15058 2.52123 
0.0377337 -0.00166607 0.253202 0.299277 -0.889539 0.188644 
0.0544846 -0.00327345 1.19707 0.268677 -0.793799 3.52462 
0.0364753 -0.0168002 0.715602 0.0924573 -0.531616 1.85933 
0.0356677 -0.0369321 0.736415 -0.136981 -0.457807 2.00978 
-0.0170152 0.0146989 0.795444 0.291714 -0.335194 2.0731 
0.0395773 -0.0217997 0.291032 0.393318 -0.767404 0.108164 
0.0359519 -0.0134087 1.15916 0.104393 -0.620811 3.60798 
0.0365661 -0.0375685 0.714741 -0.032735 -0.526422 1.786 
0.0188166 -0.0481353 0.736946 -0.0933441 -0.540315 2.08764 
0.0184108 0.0150391 0.855679 0.285142 -0.544464 2.28963 
0.0540401 -0.00540112 0.837703 0.155209 -0.632015 2.44429 
0.0361783 0.0249412 0.799116 0.34227 -0.66027 2.44808 
0.0349876 -0.031621 1.33936 -0.116135 -0.409354 4.1874 
0.0360978 -0.0410725 0.333626 -0.154859 -0.613965 0.482999 
0.0372142 -0.0153243 0.857758 0.206873 -0.464326 2.51805 
0.0193766 -0.00531548 0.876384 0.270196 -0.48167 2.43949 
0.055028 -0.0267094 0.817388 0.134893 -0.696308 2.37394 
0.0714029 -0.0526855 1.37706 -0.143653 -0.682044 4.10681 
0.0377804 -0.0205269 0.334379 0.184826 -0.630174 0.555739 
0.0593559 -0.00820643 0.779056 0.78592 -1.04322 2.45316 
0.0193766 -0.00531548 0.876384 0.270196 -0.48167 2.43949 
0.0373272 -0.0370463 0.815877 0.0763102 -0.586218 2.2245 
0.0163631 -0.0426015 1.34 -0.286991 -0.480847 4.26585 
0.054675 -0.0304183 0.354483 0.0133403 -0.665584 0.628864 
0.0380195 -0.0167095 0.876856 0.305177 -0.778293 2.51612 
0.0192857 0.0154528 0.877245 0.395389 -0.486864 2.51283 
0.0373272 -0.0370463 0.815877 0.0763102 -0.586218 2.2245 
0.0713106 -0.0318208 1.38015 -0.0178308 -0.68811 4.40692 
0.0724208 -0.0412723 0.374408 -0.056555 -0.89272 0.702513 
0.00066265 0.00437596 0.875664 0.223903 -0.557485 2.36451 
0.0371683 -0.0157469 0.877034 0.203587 -0.586566 2.51559 
0.0186591 -0.0269322 0.795882 0.0333029 -0.539793 2.15197 
0.0536305 -0.0430151 1.33984 -0.0811544 -0.705977 4.26403 
0.0536619 -0.01039 0.355274 0.0256298 -0.851489 0.703318 
0.0184544 -0.00605545 0.876314 0.157294 -0.662381 2.44061 
0.0185911 -0.0264011 0.856177 0.0353875 -0.534947 2.36973 
0.00174373 -0.0161835 0.814578 0.209529 -0.376426 2.07229 
-0.0167509 0.0197962 1.35744 0.420092 -0.233116 4.02938 
0.0556629 -0.0517266 0.334168 -0.00697596 -0.729876 0.558507 
0.0343625 0.00526508 0.914512 0.00549477 -0.632628 2.35733 
-0.0162069 0.0155473 0.875084 0.403415 -0.271878 2.28729 
0.0578101 -0.0490977 0.758166 0.324329 -0.899572 2.30953 
0.000118596 0.00862485 1.35802 0.24058 -0.518723 4.1066 
0.00237726 -0.0411043 0.333577 0.0682897 -0.410866 0.48363 
0.0540629 -0.0256383 0.897137 0.0321017 -0.621976 2.58872 
0.0726623 -0.0159378 0.876974 0.194931 -0.800681 2.51437 
0.0194896 -0.0270375 0.834503 0.139634 -0.603562 2.14594 
0.0535189 -0.0213894 1.3795 0.0487786 -0.583214 4.33081 
0.0360506 -0.0413988 0.355121 -0.157515 -0.737076 0.707312 
0.0193766 -0.00531548 0.876384 0.270196 -0.48167 2.43949 
0.0185452 -0.0268237 0.875453 0.0321015 -0.657188 2.36728 
0.0718081 -0.0172089 0.816609 0.0799435 -0.986237 2.29773 
0.0171486 -0.0215159 1.36021 -0.0521818 -0.42757 4.33561 
0.0900795 -0.00993728 0.353064 0.129246 -0.884021 0.474207 
0.0362025 0.00460768 0.856329 0.218533 -0.64936 2.36574 
-0.0162069 0.0155473 0.875084 0.403415 -0.271878 2.28729 
0.056016 -0.0480177 0.797073 0.114577 -0.7606 2.30358 
0.0525967 -0.0221294 1.37943 -0.0641241 -0.763925 4.33193 
0.0545809 -0.0527807 0.432944 -0.124366 -1.15022 0.772481 
0.0202278 -0.00627811 0.876206 0.371786 -0.673397 2.44002 
0.0185911 -0.0264011 0.856177 0.0353875 -0.534947 2.36973 
0.0552305 -0.0691034 0.776867 -0.120232 -0.813877 2.23382 
0.0357721 -0.0321489 1.39726 -0.0130903 -0.595364 4.17892 
0.0368374 -0.0204095 0.373108 0.0766637 -0.682928 0.550308 
0.0541079 -0.0468292 0.915551 -0.0963765 -0.739023 2.51293 
0.0379759 0.00438502 0.856221 0.433025 -0.660375 2.36514 
0.0711372 -0.0576865 0.817285 -0.271401 -0.784994 2.3773 
0.0543701 -0.022352 1.37932 0.150369 -0.77494 4.33134 
0.000286783 0.0209043 0.353325 0.225458 -0.536801 0.475011 
