-0.0173164 0.0259971 -0.523167 0.169754 -0.066146 -1.96508 
-0.0355627 0.0200055 -0.0400988 0.128478 0.081835 -0.145654 
0.0186285 -0.0176621 -0.761689 -0.0963653 -0.290997 -2.53049 
-0.0163285 0.00468878 -0.543482 0.149438 -0.130438 -2.03543 
-0.0350408 0.0167103 -0.481439 0.117172 0.170158 -1.66753 
-0.0324163 0.0539956 -0.684851 0.668099 -0.305962 -2.62365 
0 0 0 0 0 0 
-0.000867843 -0.0268226 -0.722073 -0.36407 -0.0428057 -2.45911 
-0.106925 0.0368192 -0.56454 0.146716 0.53162 -2.25947 
-0.0358262 -0.00437534 -0.501646 -0.117637 0.116881 -1.7373 
-0.0154114 0.0225749 -0.702188 0.36731 -0.465006 -2.39055 
-0.0169855 0.0306597 -0.0192421 0.296678 0.0302159 0.000210475 
-0.0364513 -0.00595978 -0.723372 -0.230852 0.166986 -2.61132 
0.0174816 -0.0159514 -0.542075 -0.198273 -0.329215 -1.88263 
0.0164715 0.00631065 -0.480741 -0.172587 -0.137837 -1.59206 
-0.0510156 0.0442951 -0.664688 0.50527 -0.127257 -2.5493 
-0.0355627 0.0200055 -0.0400988 0.128478 0.081835 -0.145654 
-0.0176716 -0.0376995 -0.743037 -0.317777 -0.00220196 -2.60557 
-0.0883915 0.068568 -0.564317 0.442764 0.597919 -2.26458 
-0.0163727 0.00659624 -0.461444 0.160179 0.123733 -1.595 
-0.0163071 0.0230185 -0.684955 0.261804 -0.394649 -2.62029 
-0.0170314 0.0302371 3.34912e-005 0.293392 -0.0920244 -0.00224287 
-0.0168862 -0.0166138 -0.72283 -0.0829683 0.0510749 -2.53581 
-0.00120722 -0.00497996 -0.523271 -0.23654 -0.154833 -1.96171 
0.0181541 0.0268563 -0.479987 0.167098 -0.154046 -1.51932 
-0.0519585 0.0444124 -0.625959 0.397108 -0.180011 -2.55473 
-8.94756e-005 0.0206719 -0.00135877 0.124562 -0.00432258 -0.153431 
0.000770196 -0.00679596 -0.704264 -0.0283012 -0.180384 -2.61559 
-0.00035604 -0.00594259 -0.523449 -0.13495 -0.346559 -1.96119 
-0.017428 0.0476227 -0.483507 0.299687 0.0566171 -1.89829 
-0.0521195 0.0850917 -0.663036 0.642751 -0.318356 -2.40151 
0.0185085 0.0304688 -0.0193014 0.288021 -0.183899 -0.0010153 
-0.0178741 0.00469446 -0.702515 -0.0626521 0.115367 -2.46546 
-0.0173164 0.0259971 -0.523167 0.169754 -0.066146 -1.96508 
-0.0537088 0.0268244 -0.501434 0.0741643 0.216583 -1.74006 
-0.0501851 0.0441898 -0.626067 0.6116 -0.191027 -2.55533 
-0.0356743 0.0416311 -0.000438173 0.258411 0.204598 -0.0788699 
-0.000911434 -0.00572806 -0.742707 -0.236222 0.0751121 -2.61009 
0.000566175 -0.00520262 -0.523379 -0.0220474 -0.165848 -1.96231 
-0.0182149 0.0266335 -0.501494 0.065508 0.00246888 -1.74129 
-0.0511523 0.0646407 -0.644552 0.627176 -0.254692 -2.47842 
-0.0365506 0.0413138 -0.0197838 0.148794 0.146127 -0.0752972 
2.92265e-005 -0.0273626 -0.741526 -0.259194 -0.112292 -2.45614 
-0.0349278 -0.00501172 -0.52332 -0.0133911 0.0482665 -1.96108 
-0.0173385 0.0269508 -0.482148 0.175125 0.0609397 -1.74486 
-0.0155689 0.0437779 -0.643252 0.493957 -0.464483 -2.32622 
-0.0347772 0.0410911 -0.0198918 0.363287 0.135112 -0.075892 
-0.0168862 -0.0166138 -0.72283 -0.0829683 0.0510749 -2.53581 
0.00135165 0.015883 -0.503172 0.212762 -0.112571 -1.89255 
-0.0530114 0.0684856 -0.484806 0.432906 0.266409 -2.0505 
-0.0333606 0.0542093 -0.643902 0.560567 -0.359587 -2.40232 
-0.0533752 0.0312942 -0.00194917 0.199828 0.314688 -0.228307 
-6.02491e-005 -0.00669069 -0.742885 -0.134632 -0.116614 -2.60957 
-0.035895 0.0154392 -0.541804 0.00218443 -0.0153982 -1.88418 
0.0165624 -0.0144576 -0.481602 -0.297779 -0.132643 -1.6654 
-0.0333606 0.0542093 -0.643902 0.560567 -0.359587 -2.40232 
-0.0346864 0.0203228 -0.0207531 0.238095 0.140306 -0.149227 
-0.0178727 0.00459809 -0.704735 -0.0632819 0.116239 -2.69222 
-0.0188843 -0.0139405 -0.503038 -0.286466 0.204583 -1.88848 
0.0210049 -0.0153466 -0.499051 0.236712 -0.225031 -1.43684 
-0.0511523 0.0646407 -0.644552 0.627176 -0.254692 -2.47842 
-0.000921302 0.0208736 -0.03776 0.0188615 0.0585757 0.0793611 
-0.0356437 0.0141721 -0.744184 -0.00141328 0.0931775 -2.76177 
-0.0351081 0.0364285 -0.523817 0.236364 0.03875 -2.04118 
-0.00053473 0.0378277 -0.461183 0.128832 0.020336 -1.5984 
-0.0332252 0.03396 -0.661819 0.43929 -0.233025 -2.24643 
-0.0365506 0.0413138 -0.0197838 0.148794 0.146127 -0.0752972 
0.0524178 -0.0374449 -0.721482 -0.439336 -0.361816 -2.38424 
-0.000401012 0.0152483 -0.541863 -0.00647191 -0.229513 -1.8854 
-0.0536387 0.00691343 -0.463496 -0.0462872 0.349734 -1.81995 
-0.0334722 0.075835 -0.604241 0.6905 -0.236824 -2.33553 
-0.0355627 0.0200055 -0.0400988 0.128478 0.081835 -0.145654 
-8.09892e-005 -0.00583333 -0.704086 -0.129891 0.0113425 -2.61612 
-0.0341423 0.0160739 -0.503113 0.221418 0.101543 -1.89132 
0.0367983 0.0153659 -0.481736 0.201449 -0.449797 -1.66946 
-0.0332446 0.034721 -0.625239 0.443401 -0.104196 -2.47975 
-0.0178826 0.0311997 0.000211551 0.191802 0.0997021 -0.00276745 
-0.0364513 -0.00595978 -0.723372 -0.230852 0.166986 -2.61132 
-0.0173164 0.0259971 -0.523167 0.169754 -0.066146 -1.96508 
-0.0360273 0.0379222 -0.463344 0.136858 0.235322 -1.82394 
-0.0341668 0.033981 -0.625309 0.330498 -0.284907 -2.47863 
-0.00087633 -0.000317352 -0.0193457 -0.109617 -0.0584708 0.00357275 
-0.035396 -0.0469863 -0.701309 -0.37036 0.234102 -2.30803 
0.0200612 0.00405424 -0.560775 0.246287 -0.41491 -1.80692 
-0.0359171 0.016393 -0.500785 0.00755499 0.111687 -1.66396 
-0.0519599 0.0445088 -0.623739 0.397738 -0.180883 -2.32797 
-0.017816 0.030765 -0.0578633 0.190347 0.0939855 0.00623657 
-0.0533 0.00435425 -0.762751 -0.0560803 0.324636 -2.68199 
-0.0892687 0.0466371 -0.545973 0.201383 0.300161 -2.33925 
0.000453197 0.0165194 -0.481498 0.108515 -0.0439563 -1.66876 
-0.0874539 0.0446997 -0.62368 0.406394 0.0332317 -2.32674 
-0.0196101 0.031845 -0.0189561 -0.0194052 0.232958 0.000280716 
-0.0365408 0.0147121 -0.724731 -0.106289 0.162664 -2.76475 
-0.0520235 0.0471773 -0.505121 0.41259 0.202117 -2.12085 
-0.0367233 -0.00383533 -0.482192 -0.222513 0.186367 -1.74027 
-0.0342577 0.0547493 -0.624448 0.455691 -0.290101 -2.4053 
-0.00101307 0.0200283 0.000791189 0.0122896 -0.185905 0.0744544 
-0.017534 -0.0364316 -0.800864 -0.307919 0.364519 -2.59821 
-0.034836 -0.00416648 -0.561871 -0.00681917 0.292747 -1.95618 
-0.0182149 0.0266335 -0.501494 0.065508 0.00246888 -1.74129 
-0.0875433 0.0653716 -0.625039 0.530956 0.0289092 -2.48017 
-0.0348231 0.0406685 -0.000616233 0.360001 0.0128715 -0.0783453 
-0.0177373 -0.0156512 -0.722652 -0.184558 0.242801 -2.53634 
-0.0527195 0.00541969 -0.523969 0.0532183 0.153162 -2.03719 
-0.0342355 0.0153251 -0.462341 0.215476 -0.143809 -1.66946 
-0.0510836 0.0448262 -0.604393 0.507354 -0.122412 -2.33154 
-0.0551737 0.0302369 -0.0213649 -0.0226913 0.075506 -0.223615 
-6.02491e-005 -0.00669069 -0.742885 -0.134632 -0.116614 -2.60957 
0.0361046 -0.00487454 -0.540494 -0.0267879 -0.258594 -1.73432 
-0.0537088 0.0268244 -0.501434 0.0741643 0.216583 -1.74006 
-0.0351547 0.0552893 -0.604994 0.350815 -0.220615 -2.40827 
-0.0356293 0.0204402 0.0179761 0.129933 0.0875516 -0.154658 
-0.0186596 -0.0163912 -0.722722 -0.297461 0.0620903 -2.53522 
-0.00215367 0.0146136 -0.580555 -0.225705 -0.346454 -1.87826 
-0.0360066 0.0370649 -0.502143 0.132117 0.107365 -1.81739 
-0.0146939 0.0441916 -0.621686 0.604204 -0.406884 -2.10302 
-0.0357202 0.0412085 0.0188374 0.255125 0.0823577 -0.0813233 
-0.0364305 -0.00681714 -0.762171 -0.235592 0.0390293 -2.60477 
-0.034211 0.0358885 -0.543271 0.34124 -0.0307362 -2.0382 
0.000453197 0.0165194 -0.481498 0.108515 -0.0439563 -1.66876 
-0.0155896 0.0446353 -0.604453 0.498698 -0.336527 -2.33277 
-0.0365506 0.0413138 -0.0197838 0.148794 0.146127 -0.0752972 
0.0177315 -0.0171221 -0.742235 -0.201241 -0.22151 -2.53347 
-0.0163506 0.00564251 -0.502463 0.154809 -0.00335262 -1.81522 
-0.0199433 0.00566521 -0.482971 -0.277463 -0.103562 -1.81648 
-0.0163972 0.0245033 -0.58364 0.26926 -0.262718 -2.18231 
0.0177917 -0.0104314 0.000649724 -0.0666094 -0.104896 0.0761025 
-0.0352816 -0.0688047 -0.745409 -0.501552 0.113082 -2.82835 
-0.0128439 0.00681555 -0.4273 0.592646 0.231402 -2.05627 
0.0183358 -0.0146803 -0.48171 -0.0832862 -0.143658 -1.66599 
-0.0343914 0.0773287 -0.543768 0.590994 -0.0402527 -2.1183 
-0.0178826 0.0311997 0.000211551 0.191802 0.0997021 -0.00276745 
3.0608e-005 -0.027459 -0.743746 -0.259824 -0.111421 -2.6829 
-0.0520487 0.0458973 -0.524645 0.404563 -0.0480805 -2.11676 
-0.0174294 0.0477191 -0.481287 0.300317 0.0557458 -1.67153 
-0.0342325 0.0560293 -0.604924 0.463717 -0.0399041 -2.40939 
0.000760328 0.0198057 0.000683215 0.226782 -0.19692 0.0738596 
-6.02491e-005 -0.00669069 -0.742885 -0.134632 -0.116614 -2.60957 
-0.0173178 0.0260935 -0.520947 0.170384 -0.0670173 -1.73831 
-0.0341423 0.0160739 -0.503113 0.221418 0.101543 -1.89132 
-0.157788 0.107837 -0.627567 0.910296 0.629204 -2.7857 
-0.0347772 0.0410911 -0.0198918 0.363287 0.135112 -0.075892 
-0.088749 -0.0166458 -0.744277 -0.175902 0.421704 -2.75655 
-0.0154535 0.0051025 -0.521917 0.259685 -0.0728388 -1.81224 
-0.0164622 0.0272682 -0.462802 0.284741 0.11941 -1.74843 
-0.0857012 0.0453344 -0.584988 0.625627 0.150173 -2.33389 
-0.016896 0.00998777 -0.0178833 0.172115 0.0345385 0.153641 
-0.0175799 -0.0368543 -0.781588 -0.311205 0.242279 -2.60067 
-0.0350186 0.0157566 -0.522458 0.111801 0.0430726 -1.88775 
-0.000469018 0.0157794 -0.481568 -0.0043873 -0.224667 -1.66764 
-0.0518898 0.0245979 -0.585801 0.277286 -0.0477319 -2.40785 
-0.0356293 0.0204402 0.0179761 0.129933 0.0875516 -0.154658 
-0.0177152 -0.016605 -0.763672 -0.189929 0.115716 -2.75655 
-0.0181033 0.00500781 -0.541154 -0.0644249 -0.120294 -1.80807 
-0.0181699 0.00544255 -0.483079 -0.0629702 -0.114578 -1.81708 
0.00321379 0.0142719 -0.602374 0.420429 -0.256389 -2.10435 
-0.0348231 0.0406685 -0.000616233 0.360001 0.0128715 -0.0783453 
-0.0178061 0.00416334 -0.76281 -0.0647367 0.110522 -2.68322 
-0.0341859 0.0371685 -0.523747 0.349266 0.219461 -2.0423 
-0.000443873 0.0170594 -0.462045 0.00363937 0.0255299 -1.67174 
-0.0520715 0.0661345 -0.584079 0.527671 -0.0581197 -2.26118 
-0.016896 0.00998777 -0.0178833 0.172115 0.0345385 0.153641 
-6.02491e-005 -0.00669069 -0.742885 -0.134632 -0.116614 -2.60957 
-0.017181 0.00574778 -0.541084 0.0484777 0.0604169 -1.80919 
-0.01725 -0.0153346 -0.443099 -0.0812018 -0.174025 -1.66967 
0.00216062 0.0359186 -0.526204 0.44157 -0.185509 -2.26976 
-0.0169396 0.0310823 -0.0385177 0.299964 0.152456 0.00266382 
-0.00178776 -0.00604541 -0.762053 -0.345839 0.0166413 -2.60652 
-0.0350186 0.0157566 -0.522458 0.111801 0.0430726 -1.88775 
-0.0537088 0.0268244 -0.501434 0.0741643 0.216583 -1.74006 
-0.0325271 0.0563378 -0.544737 0.680295 -0.0460742 -2.19223 
-0.036507 0.0202192 0.000850511 0.0209459 0.0282095 0.0756802 
-0.0178979 0.00331811 -0.724259 -0.0713086 -0.133959 -2.68812 
0.000591321 -0.00392264 -0.503855 -0.0140207 0.0843492 -1.96641 
-0.0352211 0.0581505 -0.481936 0.366926 0.160642 -1.74763 
-0.0163721 0.0257833 -0.564117 0.277286 -0.0125205 -2.18641 
-0.0542529 0.0310733 -0.0190748 0.0908412 0.255346 0.00203107 
-0.00187724 0.0146265 -0.763411 -0.221276 0.0123187 -2.75995 
0.036981 -0.00455718 -0.521148 0.0828288 -0.200123 -1.73789 
-0.0359171 0.016393 -0.500785 0.00755499 0.111687 -1.66396 
-0.0333126 0.0352521 -0.564944 0.445486 -0.099351 -2.26199 
-0.0346864 0.0203228 -0.0207531 0.238095 0.140306 -0.149227 
-0.000799837 -0.0273537 -0.782367 -0.366155 -0.047651 -2.67688 
-0.0341423 0.0160739 -0.503113 0.221418 0.101543 -1.89132 
0.0724277 -0.00507434 -0.499712 0.0715163 -0.537349 -1.5148 
-0.0519348 0.0457888 -0.604215 0.405764 0.0693145 -2.33206 
-0.0533558 0.0305332 -0.0385284 0.195717 0.18586 0.005009 
0.0167908 0.00451245 -0.743416 -0.178269 -0.0341065 -2.68742 
-0.0164401 0.0263144 -0.503822 0.279371 -0.00767521 -1.96865 
0.0164522 0.00707164 -0.444161 -0.168476 -0.00900864 -1.82538 
-0.0156117 0.045589 -0.563433 0.504069 -0.209441 -2.11255 
-0.0357202 0.0412085 0.0188374 0.255125 0.0823577 -0.0813233 
0.0344458 0.0144267 -0.722629 -0.122972 -0.266437 -2.54044 
-0.0155637 0.0266318 -0.484476 0.388988 0.0507956 -1.97222 
-0.0715014 0.0156422 -0.464394 0.00900957 0.0821926 -1.89441 
-0.0874769 0.0240399 -0.544971 0.28 -0.0789694 -2.18477 
-0.107654 0.039474 -0.00285781 0.150878 0.0805497 -0.300421 
-0.109306 -0.00853063 -0.747357 -0.448631 -0.0146615 -3.05606 
-0.14613 0.013294 -0.488272 -0.423262 -0.0884398 -2.33856 
-0.166457 -0.0173747 -0.449587 -0.929062 -0.0157661 -2.3394 
-0.235 0.0424491 -0.552925 -0.228805 0.063951 -3.00852 
-0.25338 0.037327 0.0462938 -0.267172 0.223365 -1.20711 
-0.218571 -0.00960959 -0.71525 -0.758519 0.21612 -3.73588 
-0.271367 0.0228465 -0.476198 -0.448762 0.358462 -3.09261 
-0.254542 0.0111561 -0.458563 -0.63219 -0.0485139 -3.24461 
-0.289159 0.0308514 -0.541831 -0.39681 0.0878179 -3.83836 
-0.271936 0.00410548 0.0221077 -0.572506 -0.0913881 -1.65143 
-0.31005 -0.0448708 -0.703127 -1.27955 -0.275436 -4.40718 
-0.30862 -0.0446716 -0.462303 -1.06803 -0.639508 -3.53508 
-0.307929 -0.00252859 -0.434575 -0.706138 -0.594039 -2.71169 
-0.305424 0.0352506 -0.549536 -0.153893 -1.19104 -2.54544 
-0.269483 0.0226605 0.0379751 -0.138134 -0.677861 0.0108404 
-0.250602 -0.0348356 -0.725188 -0.473572 -0.586032 -2.66796 
-0.232367 -0.00214602 -0.50109 -0.176582 -0.75142 -1.57116 
-0.2502 0.03171 -0.459611 0.0319026 -0.152195 -1.35536 
-0.175444 -0.012272 -0.537046 0.184339 -0.848852 -1.2658 
-0.141414 -0.00662395 0.00794683 0.0934843 -0.828504 0.919067 
-0.106786 -0.0121203 -0.754095 -0.148108 -0.845266 -1.6898 
-0.0697919 -0.010313 -0.510862 0.0666965 -1.05189 -0.593806 
-0.106204 -0.00872476 -0.45255 -0.0247824 -0.640329 -0.602109 
-0.139942 0.0328051 -0.556383 0.451349 -0.205368 -1.34796 
-0.0526455 0.0502054 -0.0119095 0.421103 -0.135915 0.756712 
-0.0354468 -0.0278363 -0.775826 -0.254019 -0.0278769 -1.99483 
-0.0358991 0.0157283 -0.535144 0.00407399 -0.0180121 -1.20388 
-0.000491608 0.0384431 -0.476019 0.133377 0.140834 -1.14242 
-0.0154342 0.00434151 -0.558496 0.255574 -0.201667 -1.57892 
-0.0187176 -0.0117294 0.0414102 -0.176798 -0.316845 0.300307 
-0.0764357 0.0140773 -0.784821 -0.641606 0.213253 -2.97898 
-0.0723111 0.0148902 -0.541815 -0.102062 0.0180052 -1.88183 
0.0175017 -0.0359958 -0.478201 -0.320121 -0.320918 -1.28468 
-0.0340766 -0.00597435 -0.523498 0.088199 -0.14346 -1.96056 
-0.0560286 0.00977875 0.0209431 -0.254786 0.0262032 0.15115 
-0.0906371 0.00296884 -0.765052 -0.273859 0.1782 -2.90529 
-0.0368158 0.0146029 -0.544094 -0.111348 -0.195238 -2.10982 
-0.126649 0.0470628 -0.468455 -0.00628494 0.408767 -2.34889 
-0.162903 0.0250216 -0.534062 -0.239068 0.444262 -3.09117 
-0.16623 0.0300453 0.0452091 -0.543591 0.447002 -1.36291 
-0.18303 -0.00947424 -0.736805 -0.764519 0.125117 -3.96141 
-0.24992 -0.00946318 -0.510985 -0.215059 0.10703 -2.63095 
-0.295418 0.0337741 -0.444455 -1.13568 0.446264 -3.85266 
-0.313073 0.0214334 -0.530224 -1.20564 0.303054 -4.66929 
-0.42118 0.0251046 0.0488691 -1.28101 0.564685 -2.93631 
-0.460095 -0.0227756 -0.702123 -2.08825 0.697217 -6.37043 
-0.564545 0.0166749 -0.464265 -1.51136 0.40268 -5.79935 
-0.620575 0.00484013 -0.405632 -1.89791 0.189596 -5.72644 
-0.803612 0.0434847 -0.477401 -2.27621 0.538335 -7.14693 
-0.876052 -0.0397433 0.121408 -2.88566 -0.262231 -5.25415 
-1.02 -0.0491421 -0.628289 -3.22467 -0.253634 -8.53523 
-1.2026 -0.0103145 -0.394568 -3.50101 -0.446575 -8.4112 
-1.36172 -0.00324527 -0.34202 -3.32062 -0.414364 -8.94113 
-1.48952 -0.0166932 -0.408369 -3.80819 -0.387878 -9.7537 
-1.58172 -0.00403159 0.14616 -4.04939 -0.472905 -8.54689 
-1.63659 -0.0635585 -0.621535 -4.70748 -0.493237 -11.6734 
-1.6922 -0.0122279 -0.403327 -4.60858 -0.77511 -11.1778 
-1.72686 -0.0337557 -0.326957 -4.62536 -0.864052 -11.2608 
-1.76153 -0.0166204 -0.449272 -4.40603 -1.22811 -11.8464 
-1.8172 -0.000995396 0.0928996 -4.5265 -0.854481 -9.9608 
-1.81623 -0.0501853 -0.651886 -4.80992 -1.15243 -12.7165 
-1.87163 -0.0390149 -0.413657 -4.95276 -1.17459 -12.1449 
-1.9428 -0.0188064 -0.376346 -4.81745 -0.995168 -12.3008 
-2.01296 -0.0230936 -0.460912 -4.72123 -1.3844 -12.9633 
-2.14146 -0.00875952 0.0767983 -5.05145 -0.94222 -11.5266 
-2.03051 -0.0589082 -0.638005 -4.932 -2.03114 -13.1558 
-2.06727 -0.0373255 -0.432554 -4.90682 -2.11238 -11.9758 
-2.0655 -0.0157419 -0.465912 -4.55931 -1.88585 -11.4446 
-2.06182 -0.0581465 -0.448575 -4.38399 -2.01974 -11.5949 
-2.01469 -0.000689658 0.076082 -4.70574 -2.15456 -9.56268 
-1.99137 -0.058882 -0.700091 -4.50543 -2.15686 -11.5594 
-1.95528 -0.0587684 -0.497948 -4.4089 -2.67128 -10.6825 
-2.0098 0.0152299 -0.416206 -4.06085 -2.29352 -10.3226 
-1.98895 -0.0797984 -0.475142 -4.31297 -2.58697 -10.3041 
-2.00839 -0.0220877 0.0687634 -4.0788 -2.25713 -8.27423 
-1.95492 -0.102889 -0.693419 -4.67167 -2.92824 -10.7981 
-1.95439 -0.10215 -0.433141 -4.56503 -3.22283 -9.92894 
-2.00718 -0.00737619 -0.374362 -3.87527 -2.73729 -9.94737 
-2.05843 -0.0420389 -0.5342 -3.85549 -2.92987 -10.3701 
-2.04322 -0.0266873 0.087424 -3.99447 -3.10186 -8.27164 
-2.09365 -0.0653933 -0.73319 -3.98567 -2.97616 -10.8646 
-2.00431 -0.0740909 -0.450638 -3.9543 -3.55455 -9.69917 
-2.04158 -0.0736774 -0.450471 -4.16013 -3.32942 -9.69735 
-2.03992 -0.0328946 -0.509151 -3.69734 -3.35567 -9.76903 
-2.00493 -0.0476974 0.0543263 -3.80377 -3.27165 -7.66107 
-1.98515 -0.105637 -0.726071 -4.0337 -3.25018 -10.1101 
-1.96702 -0.0514183 -0.464532 -3.60741 -3.29194 -9.17331 
-2.00422 -0.0708193 -0.424206 -3.93307 -2.93453 -9.02461 
-2.00335 -0.0512185 -0.505314 -3.70571 -3.01318 -9.39283 
-2.03862 -0.0247393 0.0383315 -3.4402 -2.57994 -7.35953 
-1.96929 -0.0730293 -0.704067 -4.05639 -3.10425 -9.89086 
-1.93059 -0.0731473 -0.46119 -3.63841 -3.69432 -8.79382 
-1.98553 -0.0816943 -0.44079 -3.89417 -3.10978 -8.71877 
-1.98201 -0.0619024 -0.50044 -3.34208 -3.14185 -8.86438 
-2.00143 -0.00495281 0.00688635 -3.11202 -2.94084 -6.60117 
-1.94618 -0.0622261 -0.734771 -3.34587 -3.00552 -9.058 
-1.87645 -0.0390788 -0.471174 -3.3339 -3.35095 -7.89228 
-1.8933 -0.026531 -0.45001 -3.14573 -2.81602 -7.74684 
-1.89321 -0.0279195 -0.549105 -3.15255 -2.94882 -7.95805 
-1.87592 -0.0528665 0.0173022 -3.31631 -2.75646 -5.54599 
-1.8563 -0.0918369 -0.764702 -3.43299 -3.11175 -8.14684 
-1.90737 -0.0599298 -0.504261 -2.9114 -3.10353 -7.27985 
-1.90836 -0.0386215 -0.483947 -2.89108 -3.03924 -7.2095 
-1.90836 -0.0408552 -0.54449 -2.90448 -3.41652 -7.42561 
-1.89104 -0.0667559 -0.0191022 -3.0736 -3.35125 -5.23377 
-1.83781 -0.0604144 -0.742984 -3.1396 -3.16856 -7.92764 
-1.81847 -0.068425 -0.518318 -2.97946 -3.14372 -6.75186 
-1.83622 -0.0770472 -0.44223 -3.02856 -2.77772 -6.9144 
-1.8531 -0.0701505 -0.559456 -2.87458 -3.24842 -6.97033 
-1.88837 -0.0652849 0.0218792 -2.74084 -3.05446 -5.01527 
-1.85273 -0.11456 -0.761587 -3.13925 -3.50276 -7.76619 
-1.88702 -0.0731527 -0.501926 -2.67261 -3.78448 -6.97541 
-1.88877 -0.0715537 -0.480074 -2.87844 -3.52414 -6.75215 
-1.9047 -0.0605961 -0.521603 -2.5914 -3.1849 -7.05071 
-1.88833 -0.0647659 0.00482371 -2.73692 -2.9331 -4.78605 
-1.81818 -0.0714068 -0.798297 -2.99254 -3.29106 -7.61636 
-1.8691 -0.103833 -0.519193 -2.86049 -3.76281 -6.74343 
-1.94016 -0.148478 -0.446163 -3.11865 -4.18472 -7.12258 
-2.02733 -0.121151 -0.508952 -2.72038 -4.41665 -7.56473 
-2.06537 -0.0969886 0.0322631 -2.79421 -4.52468 -5.75484 
-2.01373 -0.134098 -0.751556 -3.33785 -4.69874 -8.58413 
-1.87099 -0.1511 -0.483001 -3.36588 -5.1032 -6.88948 
-1.96264 -0.0757098 -0.465578 -3.2157 -4.13098 -7.20068 
-1.96176 -0.0322617 -0.523833 -2.84318 -3.59306 -7.27454 
-1.90994 -0.037045 0.0218104 -3.00065 -3.67761 -5.01356 
-1.87507 -0.106126 -0.762339 -3.62584 -3.92898 -7.83833 
-1.94398 -0.0858238 -0.445583 -3.17269 -4.1774 -7.12815 
-2.01703 -0.0459044 -0.426826 -3.13471 -4.24235 -7.20601 
-2.05143 -0.0887438 -0.488963 -3.27694 -4.21442 -7.56869 
-2.03716 -0.0302404 0.0915706 -3.26181 -3.95885 -5.77274 
-1.93114 -0.0991965 -0.787103 -3.89857 -4.40056 -8.35929 
-1.96266 -0.0533352 -0.466689 -3.07982 -3.76286 -7.35575 
-1.92816 -0.0322178 -0.446433 -3.06816 -3.91268 -7.28662 
-2.01507 -0.0447256 -0.510697 -2.90897 -3.76179 -7.87709 
-1.99704 -0.0729532 0.0701192 -2.98699 -4.25409 -5.91885 
-2.05459 -0.114379 -0.83235 -3.85822 -4.71094 -8.94822 
-2.08529 -0.0924698 -0.496168 -3.0783 -4.75358 -8.24507 
-2.04977 -0.134511 -0.399103 -3.34183 -5.19694 -8.18011 
-2.10128 -0.0832148 -0.537945 -2.80257 -4.78679 -8.54198 
-2.05121 -0.0865919 0.0251098 -3.16713 -4.60925 -6.51128 
-1.99782 -0.101453 -0.757708 -3.35977 -4.42709 -9.26947 
-1.99362 -0.0989379 -0.514454 -2.80892 -4.2499 -8.17397 
-1.99544 -0.0991379 -0.49507 -3.0267 -4.36112 -8.17583 
-2.06652 -0.101931 -0.519164 -3.02998 -4.55378 -8.62116 
-2.10277 -0.0766148 0.0436871 -2.88066 -4.4235 -6.5892 
-2.03071 -0.125245 -0.737548 -3.17419 -4.90607 -9.11569 
-2.04698 -0.111535 -0.475382 -2.8761 -4.54348 -8.09868 
-2.03015 -0.0993785 -0.434894 -2.91436 -4.33389 -7.95631 
-2.02932 -0.080104 -0.494506 -2.68967 -4.53565 -8.10022 
-2.04674 -0.0860081 0.0316241 -2.62335 -4.45318 -5.83329 
-2.01111 -0.135284 -0.751842 -3.02177 -4.90148 -8.5842 
-2.04694 -0.134575 -0.508631 -3.01545 -5.0413 -7.48352 
-2.02931 -0.123803 -0.449045 -2.95542 -5.14567 -7.34309 
-2.08176 -0.0702515 -0.490834 -2.51155 -4.41011 -7.72104 
-1.97555 -0.104744 0.0182769 -2.74937 -4.38416 -5.22797 
-1.90349 -0.108106 -0.782235 -2.76724 -4.00913 -7.83539 
-1.90387 -0.0627423 -0.539085 -2.49721 -3.6277 -6.81932 
-1.87002 -0.0807262 -0.49641 -2.82823 -3.32695 -6.44795 
-1.88592 -0.0922394 -0.539048 -2.67769 -3.35496 -6.81819 
-1.93899 -0.0790797 -0.0166859 -2.4901 -3.43427 -4.92859 
-1.97639 -0.0873485 -0.766312 -2.84377 -3.69558 -8.21499 
-1.99271 -0.11933 -0.465594 -2.82463 -4.31283 -7.1195 
-1.95811 -0.118884 -0.443979 -2.93753 -4.45833 -6.89694 
-2.01052 -0.0886611 -0.525677 -2.63491 -4.21797 -7.34003 
-1.9764 -0.103781 0.018455 -2.85096 -4.19243 -5.22849 
-1.97552 -0.110686 -0.765379 -2.87806 -4.25542 -8.05939 
-1.93844 -0.151164 -0.483098 -2.91958 -4.697 -6.88821 
-2.01062 -0.0894099 -0.484906 -2.64085 -4.46332 -7.11817 
-2.02746 -0.100806 -0.488815 -2.59848 -4.54409 -7.49385 
-1.97475 -0.106129 0.0373744 -2.65107 -4.69812 -5.2299 
-1.95754 -0.162654 -0.766452 -3.19505 -4.34993 -8.12996 
-1.95632 -0.098447 -0.522796 -2.59665 -4.35714 -7.03951 
-1.97323 -0.0876019 -0.50188 -2.41979 -4.19465 -6.89241 
-1.93769 -0.0874665 -0.523435 -2.42579 -4.28565 -7.11795 
-1.97472 -0.0832356 0.0192083 -2.51127 -4.20864 -5.15575 
-2.01007 -0.110612 -0.804049 -2.76124 -3.98855 -8.05274 
-1.95713 -0.14233 -0.522617 -2.97062 -4.90077 -6.95665 
-1.97515 -0.0908808 -0.504489 -2.65754 -4.92764 -7.1153 
-1.99179 -0.120727 -0.523847 -2.72449 -4.51027 -7.10997 
-1.97564 -0.0838792 0.0213582 -2.62355 -4.39022 -4.92787 
-1.95589 -0.143292 -0.783002 -2.86276 -4.6172 -7.82636 
-1.97409 -0.131907 -0.482426 -2.79705 -4.86052 -6.81201 
-2.0276 -0.0802674 -0.464238 -2.47531 -4.67327 -6.96943 
-2.04618 -0.093059 -0.543418 -2.65628 -4.9998 -7.10465 
-2.0299 -0.0982667 0.0171201 -2.80963 -4.99073 -5.29844 
-2.01035 -0.115285 -0.746719 -2.79372 -5.10015 -8.05681 
-2.04616 -0.113393 -0.486204 -2.78002 -4.98889 -7.18699 
-2.06488 -0.125218 -0.447014 -2.95744 -5.30486 -7.11345 
-2.11554 -0.118111 -0.510653 -2.58012 -5.56501 -7.63128 
-2.15266 -0.0932084 0.0306314 -2.54104 -5.49232 -5.82251 
-2.13659 -0.13183 -0.753376 -3.08734 -5.8247 -8.64893 
-2.11927 -0.11926 -0.431115 -3.02162 -6.03281 -7.41314 
-2.10486 -0.126698 -0.468553 -3.49933 -5.49875 -7.33258 
-2.06782 -0.0643844 -0.485412 -2.91463 -5.61723 -7.11195 
-2.0871 -0.0258358 0.0556606 -2.79498 -4.90888 -5.38379 
-2.05222 -0.0733035 -0.766179 -3.28841 -4.92097 -8.13032 
-2.03313 -0.0611491 -0.448465 -3.00945 -5.13835 -7.34866 
-2.03414 -0.0411208 -0.447674 -2.99717 -5.32425 -7.2742 
-2.0509 -0.0516714 -0.490134 -2.94822 -5.16054 -7.64497 
-1.9991 -0.0340802 0.0543979 -2.96981 -4.87697 -5.53908 
-1.92773 -0.0791998 -0.764962 -3.34705 -4.5509 -8.06283 
-1.92724 -0.0335188 -0.502466 -2.9674 -4.111 -7.05033 
-1.85714 -0.00951338 -0.460278 -2.94442 -3.85317 -6.7614 
-1.83744 -0.0405131 -0.479873 -2.91845 -3.84165 -6.75677 
-1.83896 -0.0157169 -0.013778 -2.88556 -3.86742 -4.71101 
-1.85564 -0.0748211 -0.77935 -3.22429 -3.93304 -7.6137 
-1.92636 -0.0331051 -0.480901 -2.85715 -4.0534 -6.82714 
-1.94423 -0.0458935 -0.441889 -2.93299 -4.5611 -6.75307 
-2.01441 -0.0277098 -0.525345 -2.70026 -4.58309 -7.34396 
-1.99714 -0.0541295 0.0170975 -2.8733 -4.63918 -5.38133 
-1.92495 -0.101588 -0.824185 -3.15761 -4.75416 -8.12723 
-1.94413 -0.045241 -0.48488 -2.92767 -4.31487 -7.2017 
-1.88907 -0.0322387 -0.461544 -2.64329 -4.02833 -6.83305 
-1.944 -0.0439731 -0.542707 -2.91782 -3.94815 -7.19434 
-1.90828 -0.0394893 0.0385099 -2.80138 -4.18243 -5.24173 
-1.92495 -0.0994508 -0.765862 -3.14485 -4.37601 -8.13788 
-1.92464 -0.057694 -0.486806 -2.79173 -4.80235 -7.35131 
-1.94421 -0.0685571 -0.447438 -3.07075 -4.9266 -7.27829 
-1.96083 -0.099357 -0.507815 -3.14308 -4.63632 -7.49318 
-1.98024 -0.0641173 0.0349808 -3.04542 -4.67372 -5.53497 
-1.94467 -0.0698274 -0.76801 -3.17948 -4.63686 -8.36517 
-1.97885 -0.0478117 -0.487467 -2.82937 -4.66405 -7.42507 
-1.96186 -0.078375 -0.466005 -3.12542 -4.69514 -7.19851 
-1.96186 -0.0568578 -0.505915 -2.99428 -4.45498 -7.34704 
-1.94293 -0.040261 0.0383911 -2.69113 -4.16004 -5.23998 
-1.88943 -0.0982654 -0.744177 -3.14485 -4.3408 -7.91644 
-1.90772 -0.0445955 -0.482649 -2.8228 -4.34915 -6.97727 
-1.96199 -0.0342784 -0.425235 -2.85898 -4.20513 -7.06004 
-1.94322 -0.0682519 -0.505443 -2.9593 -4.7516 -7.27041 
-1.98032 -0.0658199 0.0347327 -3.05673 -5.04616 -5.53333 
-1.99884 -0.104887 -0.77089 -3.49013 -5.23305 -8.58231 
-2.05085 -0.0728623 -0.47172 -3.07669 -5.27758 -7.72076 
-2.01623 -0.0711368 -0.430582 -3.18157 -5.17289 -7.5023 
-1.99745 -0.0814558 -0.492377 -3.13799 -5.10105 -7.87184 
-1.96169 -0.0548394 0.0340937 -2.88588 -4.97467 -5.61178 
-1.94366 -0.113607 -0.789435 -3.3363 -5.06839 -8.50722 
-2.01436 -0.070707 -0.473681 -2.96177 -4.93768 -7.95152 
-2.05087 -0.0721013 -0.435141 -3.07258 -5.14876 -7.95408 
-2.04977 -0.136745 -0.459647 -3.35523 -5.57423 -8.39623 
-2.05151 -0.0686977 0.0857698 -3.06248 -5.35447 -6.21689 
-2.01753 -0.0940118 -0.754306 -3.52902 -5.05779 -8.88816 
-1.97977 -0.0487444 -0.491977 -2.94353 -4.84302 -7.87748 
-1.92726 -0.0565087 -0.48652 -3.10782 -4.59961 -7.35124 
-1.90933 -0.0657686 -0.545917 -3.1652 -4.33691 -7.49454 
-1.89245 -0.00835417 0.03655 -2.83336 -4.28495 -5.4719 
-1.89309 -0.0785245 -0.767064 -3.45792 -4.57242 -8.29135 
-1.9263 -0.0553461 -0.505726 -2.99163 -4.29666 -7.34991 
-1.91034 -0.0651201 -0.446893 -3.27128 -4.38482 -7.28221 
-1.94413 -0.0238202 -0.52701 -2.79717 -4.07384 -7.57699 
-1.91015 -0.0185947 0.0372591 -2.89131 -4.17574 -5.39457 
-1.87532 -0.066485 -0.765305 -3.38803 -4.31007 -8.14355 
-1.87391 -0.0654284 -0.485682 -3.17177 -4.54618 -7.27801 
-1.9451 -0.0464999 -0.467894 -3.04449 -4.61695 -7.4298 
-1.92729 -0.0578851 -0.508264 -3.11647 -4.84894 -7.57391 
-1.96519 -0.0540678 0.012814 -3.3122 -4.82952 -5.8349 
-1.94633 -0.11294 -0.772093 -3.6563 -4.98702 -8.73637 
-1.98057 -0.0688763 -0.471164 -3.17297 -4.76921 -7.72703 
-1.98244 -0.0478853 -0.470195 -3.26227 -4.76339 -7.6531 
-1.99839 -0.0598212 -0.493558 -3.11502 -4.91364 -8.0258 
-1.99914 -0.0346955 0.0692333 -2.97435 -4.99747 -5.99506 
-1.9989 -0.0830313 -0.754945 -3.35817 -4.9863 -8.96661 
-1.99761 -0.0603491 -0.435661 -3.01197 -5.09965 -8.03428 
-2.01463 -0.00859486 -0.475538 -2.58745 -4.95152 -8.18504 
-1.98154 -0.0486181 -0.494089 -3.15866 -4.83113 -8.10365 
-1.96429 -0.0524705 0.0516834 -3.19456 -4.52086 -5.84257 
-1.89309 -0.0787172 -0.771504 -3.45918 -4.57067 -8.74488 
-1.91039 -0.044122 -0.469747 -3.14406 -4.26603 -7.65996 
-1.91036 -0.0427456 -0.448004 -3.1354 -4.01671 -7.43729 
-1.91124 -0.0216422 -0.509479 -3.11451 -3.83415 -7.809 
-1.87548 -0.0166393 0.0546815 -2.99416 -3.94706 -5.62718 
-1.91078 -0.0436897 -0.790072 -3.24147 -3.60386 -8.74848 
-1.76897 -0.0830452 -0.483897 -3.51417 -4.42831 -7.13095 
-1.85804 -0.00926248 -0.447485 -3.05119 -3.78107 -7.44467 
-1.89416 -0.0514566 -0.528788 -3.40462 -3.61988 -7.80431 
-1.8941 -0.00619903 0.0131905 -3.03451 -3.77752 -5.92402 
-1.91253 -0.0660343 -0.793293 -3.5931 -3.95921 -9.04634 
-1.91128 -0.0436783 -0.452514 -3.24956 -4.19568 -7.8897 
-1.91133 -0.0441009 -0.433238 -3.25285 -4.31792 -7.89215 
-1.89333 -0.0753128 -0.5108 -3.44282 -4.30109 -7.87793 
-1.91192 -0.0186611 0.0307069 -3.10769 -4.16211 -6.07427 
-1.91352 -0.044726 -0.772978 -3.57278 -3.89492 -8.97598 
-1.8934 -0.0532645 -0.490415 -3.3096 -4.05609 -7.80869 
-1.92988 -0.0318617 -0.472261 -3.28126 -3.77681 -7.96387 
-1.87394 -0.0423893 -0.452433 -3.03241 -4.04837 -7.89316 
-1.92785 -0.0291243 0.031308 -2.95115 -4.0639 -5.99754 
-1.91166 -0.0894678 -0.794581 -3.62801 -4.51818 -9.11751 
-1.9825 -0.0261262 -0.45647 -3.13094 -4.51577 -8.26416 
-1.9637 -0.0781031 -0.416702 -3.34098 -4.67492 -8.11398 
-1.99812 -0.122222 -0.498362 -3.49123 -4.89719 -8.47257 
-1.96346 -0.0765194 0.0652314 -3.23402 -5.20032 -6.36972 
-2.01748 -0.0938783 -0.780241 -3.52763 -4.93294 -9.566 
-2.01622 -0.0500052 -0.479372 -3.05296 -4.92924 -8.55788 
-2.0341 -0.0381853 -0.380928 -2.97952 -4.69155 -8.42278 
-1.9637 -0.0804331 -0.479465 -3.355 -5.05133 -8.55687 
-1.98042 -0.0446761 0.063293 -2.92995 -4.91904 -6.60037 
-1.96421 -0.0820297 -0.778542 -3.46639 -4.88471 -9.41943 
-1.96376 -0.0583849 -0.45908 -3.22178 -4.80633 -8.48763 
-1.9993 -0.037003 -0.477435 -3.08465 -4.47517 -8.41062 
-1.94673 -0.0671048 -0.499023 -3.38404 -4.47415 -8.63391 
-1.94752 -0.0207882 0.0453536 -3.1149 -4.44093 -6.52739 
-1.93035 -0.0784964 -0.775777 -3.66628 -4.3438 -9.19659 
-1.89344 -0.0538799 -0.47558 -3.31415 -4.17659 -8.26467 
-1.84036 -0.000398312 -0.469937 -3.00189 -4.13961 -7.74467 
-1.84103 -0.0194551 -0.511392 -3.22273 -3.69734 -8.04039 
-1.80608 -0.0346806 0.0713614 -3.33245 -3.73557 -5.93488 
-1.82357 -0.0730197 -0.811541 -3.65111 -3.62522 -8.97352 
-1.82222 -0.071432 -0.471623 -3.43277 -3.85649 -7.89022 
-1.89362 -0.0102059 -0.415534 -3.05099 -3.80882 -8.12865 
-1.8765 -0.063445 -0.476972 -3.48298 -4.08889 -8.41586 
-1.91272 -0.0390822 0.0448592 -3.33902 -4.08568 -6.60411 
-1.89377 -0.0971094 -0.778599 -3.67654 -3.9987 -9.50068 
-1.87551 -0.0846569 -0.495067 -3.50266 -4.15405 -8.25945 
-1.89328 -0.0728492 -0.473973 -3.4274 -3.79983 -8.11289 
-1.85868 -0.0510793 -0.496709 -3.41042 -3.70343 -8.49238 
-1.85752 -0.0464256 0.0480579 -3.17654 -3.67171 -6.30635 
-1.83958 -0.0845208 -0.776829 -3.5024 -3.76976 -9.35523 
-1.89155 -0.0735908 -0.457025 -3.21682 -3.93221 -8.3427 
-1.89358 -0.0336305 -0.457663 -3.19287 -4.30315 -8.42056 
-1.929 -0.0555843 -0.480209 -3.31806 -4.33317 -8.71534 
-1.91097 -0.0621983 0.0629174 -3.26432 -4.58618 -6.67885 
-1.94715 -0.089566 -0.801181 -3.62125 -4.30145 -9.79658 
-1.9459 -0.06721 -0.460402 -3.27771 -4.53792 -8.63994 
-1.9468 -0.06667 -0.440949 -3.38259 -4.46843 -8.64291 
-1.94678 -0.0676238 -0.481968 -3.38796 -4.59552 -8.86313 
-1.98212 -0.0429436 0.059209 -3.13439 -4.53384 -7.05495 
-1.98272 -0.0911741 -0.80359 -3.62453 -4.45891 -10.0205 
-1.98142 -0.0684919 -0.484307 -3.27834 -4.57226 -9.08815 
-1.96547 -0.056556 -0.460944 -3.42559 -4.42201 -8.71544 
-1.96461 -0.0360978 -0.503252 -3.1935 -4.3727 -9.09021 
-1.94635 -0.0837295 0.0210961 -3.38623 -4.49396 -6.97118 
-1.91175 -0.0906985 -0.76491 -3.63711 -4.75918 -10.0295 
-1.96457 -0.0788059 -0.444928 -3.45311 -4.72991 -9.01747 
-1.92636 -0.0792405 -0.481604 -3.13848 -4.90315 -8.7871 
-1.8942 -0.0977255 -0.503556 -3.68735 -4.5945 -9.08642 
-1.96701 -0.00872062 0.0383998 -3.25336 -3.94997 -7.28483 
-1.87699 -0.0878016 -0.783818 -3.73275 -4.28689 -10.0304 
-1.87739 -0.0631941 -0.464179 -3.58974 -4.01679 -9.09914 
-1.85879 -0.0512599 -0.423798 -3.41351 -3.81821 -8.95737 
-1.86063 -0.031319 -0.466068 -3.50882 -3.9386 -9.33042 
-1.89666 -0.00312836 0.0369836 -3.33895 -3.06828 -7.51951 
-1.80664 -0.0822093 -0.785234 -3.81835 -3.40521 -10.2651 
-1.82491 -0.0487767 -0.464273 -3.61941 -3.40352 -9.1815 
-1.82589 -0.0274684 -0.443958 -3.59909 -3.33923 -9.11115 
-1.78844 -0.047805 -0.483537 -3.51188 -3.31468 -9.1814 
-1.79009 -0.000525751 0.0610176 -3.34432 -3.08973 -7.07539 
-1.7365 -0.0577812 -0.762322 -3.79209 -3.02514 -9.97371 
-1.70049 -0.0345693 -0.496554 -3.55634 -3.16834 -8.58059 
-1.73513 -0.0332037 -0.43835 -3.43332 -2.7678 -8.58949 
-1.73594 -0.0340522 -0.517991 -3.54503 -2.83111 -8.80368 
-1.78907 0.00105946 0.0225366 -3.22485 -2.66454 -7.07161 
-1.7533 -0.0685618 -0.781066 -3.74517 -2.98541 -9.8934 
-1.76984 -0.0142572 -0.480847 -3.20389 -2.87682 -8.96139 
-1.77067 -0.0356691 -0.479558 -3.44135 -3.0532 -8.80684 
-1.75631 -0.0652399 -0.46225 -4.05474 -2.87981 -9.03374 
-1.80689 -0.0114026 0.040053 -3.29803 -3.04913 -7.22185 
-1.80661 -0.0593158 -0.803401 -3.67856 -2.91572 -10.1909 
-1.84079 -0.0589136 -0.485167 -3.46021 -3.1822 -9.32908 
-1.84097 -0.0389905 -0.445755 -3.34159 -3.43188 -9.26065 
-1.85854 -0.093424 -0.488036 -3.66661 -3.81179 -9.54857 
-1.89487 -0.0474355 0.0734561 -3.39273 -3.68583 -7.67004 
-1.87781 -0.0858481 -0.770777 -3.82821 -3.84235 -10.7153 
-1.89421 -0.0517928 -0.488474 -3.4082 -3.6072 -9.62744 
-1.85955 -0.0711619 -0.426701 -3.64093 -3.62042 -9.258 
-1.80431 -0.102026 -0.467852 -3.62095 -3.6999 -9.47891 
-1.84138 -0.0766045 0.0563779 -3.57796 -3.50584 -7.44092 
-1.84135 -0.08478 -0.787821 -3.72004 -3.75438 -10.4885 
-1.89258 -0.0316698 -0.468445 -3.0718 -3.74565 -9.55715 
-1.87661 -0.0638184 -0.408502 -3.48733 -4.20193 -9.33438 
-1.8764 -0.0846951 -0.488934 -3.61132 -4.07934 -9.62303 
-1.91177 -0.0396814 -0.00497028 -3.23401 -4.02857 -7.73251 
-1.89374 -0.0963112 -0.770176 -3.67167 -3.74415 -10.6386 
-1.89435 -0.0314472 -0.468337 -3.2863 -3.73463 -9.55656 
-1.86065 -0.0304617 -0.427269 -3.50407 -3.81064 -9.33697 
-1.85886 -0.0316381 -0.468396 -3.29495 -3.94875 -9.55778 
-1.89766 -0.0271845 0.0743553 -3.59493 -3.86072 -7.59499 
-1.8602 -0.0548393 -0.770624 -3.64506 -3.95676 -10.7193 
-1.86067 -0.0319344 -0.451233 -3.51336 -4.0591 -9.78641 
-1.89608 -0.0524154 -0.449815 -3.62927 -3.84066 -9.63175 
-1.87921 -0.042166 -0.491365 -3.67827 -3.88524 -9.92982 
-1.91536 -0.0160042 0.0329344 -3.52238 -3.51047 -7.89295 
-1.84503 -0.0425682 -0.809599 -3.89662 -3.61876 -10.7917 
-1.84193 -0.0187323 -0.468679 -3.32728 -3.4938 -9.63728 
-1.82497 -0.0268248 -0.446108 -3.48682 -3.15764 -9.33903 
-1.80792 -0.0580156 -0.487161 -3.78558 -3.1927 -9.557 
-1.80685 -0.0326899 0.0562473 -3.42714 -3.16531 -7.52441 
-1.7888 -0.0707973 -0.84599 -3.75117 -3.14683 -10.5618 
-1.84099 -0.0404632 -0.469719 -3.35088 -3.68033 -9.71009 
-1.89425 -0.0285609 -0.450785 -3.26759 -3.11112 -9.78906 
-1.84169 -0.0823172 -0.490787 -3.71088 -3.72842 -9.85319 
-1.86099 -0.0448559 0.0352018 -3.59799 -3.27201 -7.6674 
-1.75247 -0.0710935 -0.807428 -3.65349 -3.42472 -10.5691 
-1.78575 -0.047384 -0.485795 -3.18511 -3.14411 -9.40988 
-1.78575 -0.047384 -0.485795 -3.18511 -3.14411 -9.40988 
-1.76697 -0.0792201 -0.507681 -3.27267 -3.31243 -9.6309 
-1.7676 -0.0519692 0.0360833 -3.1174 -2.90158 -7.59935 
-1.73265 -0.121485 -0.806141 -3.74405 -3.15867 -10.4151 
-1.74827 -0.0663443 -0.503631 -3.08924 -2.87024 -9.25746 
-1.73237 -0.0549274 -0.463213 -3.24041 -2.84136 -9.11397 
-1.72954 -0.0768931 -0.541711 -3.04769 -2.92239 -9.17592 
-1.78546 -0.0193932 0.0580386 -2.91694 -2.55255 -7.37945 
-1.73261 -0.120966 -0.823197 -3.74013 -3.03731 -10.1859 
-1.73136 -0.0986102 -0.482417 -3.3966 -3.27377 -9.02926 
-1.78563 -0.0666796 -0.462693 -3.30102 -2.89047 -9.03378 
-1.76876 -0.0563338 -0.502023 -3.34939 -2.93591 -9.10508 
-1.76675 -0.0527391 0.0403453 -3.01455 -3.09505 -7.14529 
-1.75137 -0.111697 -0.804641 -3.78971 -3.23536 -10.2633 
-1.80345 -0.0576245 -0.485086 -3.24306 -3.0349 -9.33255 
-1.83917 -0.016416 -0.466249 -2.98794 -2.95254 -9.41387 
-1.78485 -0.047924 -0.505249 -3.08024 -3.2136 -9.4069 
-1.76852 -0.0526128 0.0382332 -3.22967 -3.08316 -7.37146 
-1.71581 -0.110089 -0.802232 -3.78643 -3.07791 -10.0394 
-1.75009 -0.0449307 -0.521938 -3.17525 -2.74218 -9.18107 
-1.73144 -0.0541874 -0.463143 -3.1275 -2.66065 -9.11509 
-1.69676 -0.076744 -0.502933 -3.379 -3.17824 -9.18198 
-1.78631 -0.0205679 -0.00010638 -3.0313 -2.73898 -7.36933 
-1.74966 -0.0899681 -0.786584 -3.44263 -3.0005 -10.4215 
-1.78388 -0.0682786 -0.484545 -3.09518 -3.15081 -9.25704 
-1.76787 -0.0784874 -0.483787 -3.37628 -3.24469 -9.18034 
-1.78568 -0.0694323 -0.50618 -3.31833 -3.38912 -9.47911 
-1.80401 -0.0524219 0.0382926 -3.22102 -2.86905 -7.37024 
-1.71515 -0.0473335 -0.806238 -3.29984 -2.91017 -10.5009 
-1.71283 -0.088475 -0.444505 -3.23232 -3.44676 -9.11261 
-1.74832 -0.0664778 -0.477696 -3.09063 -2.9951 -8.57961 
-1.74736 -0.0891625 -0.519754 -3.11961 -3.30872 -8.87264 
-1.74988 -0.0422006 0.0054551 -3.06167 -3.14224 -6.76306 
-1.72918 -0.101634 -0.835415 -3.19209 -3.31734 -9.42936 
-1.76524 -0.05777 -0.515103 -2.92655 -3.21076 -8.42187 
-1.74658 -0.0677877 -0.492887 -2.88291 -3.25805 -8.12258 
-1.74644 -0.0881334 -0.513024 -3.00482 -3.13062 -8.19346 
-1.74634 -0.0424532 0.00967925 -2.63142 -3.16601 -6.31072 
-1.74511 -0.112001 -0.832594 -3.03492 -3.22001 -9.12586 
-1.78025 -0.0890104 -0.474522 -2.78824 -3.172 -8.19774 
-1.76352 -0.0798361 -0.453805 -2.84584 -3.58504 -8.04963 
-1.7635 -0.0807898 -0.494824 -2.85121 -3.71213 -8.26985 
-1.80057 -0.0554643 0.0271849 -2.80885 -3.5172 -6.45862 
-1.76298 -0.124982 -0.798022 -3.11202 -3.72597 -9.50533 
-1.81771 -0.0709075 -0.495485 -2.88885 -3.57383 -8.3436 
-1.78201 -0.111259 -0.475523 -3.13924 -3.52823 -8.26883 
-1.76345 -0.0803672 -0.5141 -2.84793 -3.58989 -8.26739 
-1.78195 -0.0443875 0.028766 -2.63737 -3.44658 -6.31031 
-1.76302 -0.103695 -0.814216 -2.98291 -3.60979 -9.20277 
-1.72881 -0.101016 -0.471851 -3.08868 -3.8533 -7.89385 
-1.78136 -0.0482138 -0.472869 -2.65076 -3.3631 -8.04995 
-1.72695 -0.10049 -0.51273 -2.86824 -3.61897 -8.11631 
-1.7631 -0.0743282 0.011569 -2.71235 -3.2442 -6.07944 
-1.65737 -0.0804112 -0.832382 -2.97068 -3.57092 -9.13283 
-1.69154 -0.0560654 -0.489075 -2.60655 -3.22171 -7.74984 
-1.69331 -0.0558428 -0.488967 -2.82104 -3.21069 -7.74924 
-1.70837 -0.0681259 -0.527344 -2.56765 -3.43217 -7.66544 
-1.78103 -0.0435512 0.0310561 -2.52383 -3.26674 -6.08466 
-1.79849 -0.104458 -0.855176 -2.97963 -3.52276 -9.42176 
-1.85132 -0.114082 -0.495284 -2.92677 -3.73365 -8.26123 
-1.87116 -0.0844465 -0.420082 -2.96323 -4.11102 -8.49999 
-1.90385 -0.129211 -0.482575 -2.90228 -4.46655 -8.86162 
-1.92062 -0.0960141 0.0211358 -2.49327 -4.83465 -6.89693 
-1.90335 -0.176821 -0.863619 -3.18388 -5.10874 -10.0824 
-1.96089 -0.121114 -0.425371 -3.27717 -4.86466 -8.94102 
-1.94155 -0.069137 -0.443741 -2.75105 -4.87304 -8.86982 
-1.90762 -0.111499 -0.484214 -3.22933 -5.19371 -9.01057 
-1.96161 -0.0753286 0.0587115 -3.01011 -4.83629 -7.05226 
-1.92586 -0.124713 -0.804325 -3.40732 -5.16719 -10.0185 
-1.92634 -0.101711 -0.482714 -3.27499 -5.2704 -8.85879 
-1.98055 -0.091829 -0.483374 -3.31263 -5.1321 -8.93255 
-2.01503 -0.157224 -0.471489 -3.59381 -5.58706 -9.60514 
-2.08612 -0.0925185 0.0712213 -3.09252 -5.6941 -7.64743 
-2.12143 -0.14332 -0.794165 -3.48436 -5.96834 -10.8363 
-2.12022 -0.121483 -0.43633 -3.14474 -6.32618 -9.90889 
-2.13797 -0.132146 -0.416346 -3.20598 -6.3392 -9.83402 
-2.15572 -0.123526 -0.496814 -3.14948 -6.48934 -10.1238 
-2.12007 -0.0969934 0.104787 -2.89982 -6.47862 -8.10195 
-2.13844 -0.13565 -0.797461 -3.3281 -6.42674 -11.137 
-2.10077 -0.112648 -0.454451 -2.87969 -6.69748 -9.75595 
-2.12115 -0.122126 -0.43418 -3.25701 -6.50776 -9.68101 
-2.08547 -0.14224 -0.473652 -3.38429 -6.4722 -9.75066 
-2.04985 -0.0953746 0.0707358 -3.0109 -6.47238 -7.64648 
-2.00943 -0.165244 -0.870658 -2.98958 -6.52289 -10.6769 
-2.13824 -0.0246693 -0.435259 -2.55536 -5.49631 -9.92171 
-2.03144 -0.0867388 -0.448416 -2.9511 -6.00431 -9.23588 
-2.01361 -0.120595 -0.489895 -3.15959 -6.60354 -9.45168 
-2.06667 -0.105298 0.0907905 -2.95923 -6.30469 -7.57273 
-2.04955 -0.144145 -0.811517 -3.39616 -6.46693 -10.609 
-2.10142 -0.151942 -0.436472 -3.22364 -6.24517 -9.90725 
-2.06611 -0.110404 -0.430368 -2.98065 -6.47141 -9.30827 
-2.08379 -0.100081 -0.510589 -2.91284 -6.24912 -9.59968 
-2.08362 -0.095829 0.0899627 -2.79103 -6.39152 -7.64831 
-2.06738 -0.134136 -0.792891 -3.33284 -6.48427 -10.6876 
-2.04746 -0.121991 -0.434337 -2.94693 -6.76629 -9.68518 
-2.04926 -0.0992009 -0.430899 -3.02429 -6.3889 -9.38612 
-2.0491 -0.0988868 -0.529745 -3.0198 -6.14927 -9.59898 
-1.9955 -0.101755 0.0741126 -2.95 -5.86668 -7.34925 
-1.96074 -0.108314 -0.808519 -3.19576 -5.89313 -10.3936 
-2.01264 -0.095585 -0.486247 -2.89824 -5.68402 -9.15599 
-2.01455 -0.0750167 -0.466002 -2.99083 -5.80044 -9.08451 
-1.99754 -0.10663 -0.48778 -3.29287 -5.95774 -9.30494 
-1.99552 -0.0814218 0.016899 -2.82627 -5.87759 -7.26691 
-1.98037 -0.0756116 -0.788676 -3.21043 -5.53221 -10.3999 
-1.97898 -0.0518914 -0.503503 -2.85641 -5.40283 -9.00914 
-1.96204 -0.0828774 -0.462766 -3.15574 -5.55616 -8.78504 
-1.97804 -0.0736224 -0.504543 -2.88001 -5.58936 -9.08195 
-2.01419 -0.0928249 0.0368136 -3.00041 -6.07132 -7.19092 
-1.97844 -0.142305 -0.828443 -3.39825 -6.40135 -10.3839 
-2.11868 -0.0805914 -0.41544 -2.68315 -6.46982 -9.76527 
-2.04836 -0.121354 -0.412663 -3.05117 -6.69768 -9.46139 
-2.01361 -0.142208 -0.452205 -3.29135 -6.84283 -9.52992 
-2.04812 -0.0960199 0.0899034 -2.79969 -6.60564 -7.64953 
-2.04867 -0.143924 -0.794392 -3.28718 -6.40759 -10.8394 
-2.02969 -0.109951 -0.432578 -2.87703 -6.50394 -9.53738 
-2.0651 -0.130529 -0.43338 -2.99357 -6.28463 -9.60949 
-2.02877 -0.111541 -0.495271 -2.77816 -6.69964 -9.98138 
-2.08361 -0.0959254 0.0877427 -2.79166 -6.39065 -7.87507 
-2.0469 -0.16576 -0.75681 -3.20445 -6.65789 -10.9182 
-2.04576 -0.100165 -0.41406 -2.59922 -6.5323 -9.61653 
-2.03138 -0.108787 -0.468801 -3.08432 -6.24932 -9.30511 
-2.01098 -0.0981256 -0.471768 -2.6996 -6.18797 -9.61092 
-2.01065 -0.0933666 0.0343776 -2.57205 -6.09248 -7.41887 
-1.94115 -0.141439 -0.809087 -3.18439 -6.37628 -10.3898 
-1.97535 -0.139987 -0.447614 -2.96004 -6.51655 -9.08098 
-2.0305 -0.108373 -0.447235 -2.97408 -6.19172 -9.08192 
-2.00988 -0.16248 -0.489613 -2.98036 -6.61605 -9.37277 
-2.01166 -0.0948555 0.0750787 -2.6909 -6.51854 -7.19589 
-2.01226 -0.143182 -0.789941 -3.18167 -6.44273 -10.3882 
-2.04659 -0.0999636 -0.450461 -2.70492 -6.4694 -9.38374 
-2.02886 -0.0883467 -0.429426 -2.63831 -6.3293 -9.2384 
-1.99388 -0.150315 -0.489966 -3.12559 -6.34182 -9.45115 
-2.01332 -0.092604 0.0539392 -2.89142 -6.01198 -7.42125 
-2.01313 -0.119845 -0.790873 -3.14739 -5.88289 -10.5438 
-1.95935 -0.127917 -0.450187 -3.1059 -6.24145 -9.38612 
-2.03157 -0.0449723 -0.470409 -2.69869 -5.89072 -9.54029 
-1.97705 -0.116641 -0.489388 -3.03272 -5.89207 -9.45731 
-1.97782 -0.0691404 0.072293 -2.75617 -5.60778 -7.58165 
-1.96326 -0.104242 -0.790681 -3.49314 -5.06688 -10.6261 
-1.96022 -0.0828702 -0.486589 -2.93922 -5.44319 -9.23671 
-1.96033 -0.0612445 -0.446929 -2.80929 -5.32043 -9.16993 
-1.94148 -0.0935153 -0.526889 -2.8983 -5.49446 -9.38194 
-1.92451 -0.0567728 0.0569372 -2.69102 -5.43818 -7.20586 
-1.9242 -0.105543 -0.825316 -3.07629 -5.43273 -10.1684 
-1.90686 -0.113307 -0.445841 -3.13431 -5.62992 -9.01495 
-1.95856 -0.0613708 -0.444817 -2.59416 -5.33231 -8.94375 
-1.923 -0.0619964 -0.502951 -2.60428 -5.55214 -8.93598 
-1.94122 -0.0882252 0.0395514 -2.76866 -5.39412 -6.97213 
-1.90542 -0.137283 -0.844981 -3.16322 -5.60191 -10.1627 
-1.92286 -0.103859 -0.483178 -2.85732 -5.66487 -8.85833 
-1.92288 -0.103002 -0.444378 -2.85258 -5.53691 -8.86488 
-1.88723 -0.124396 -0.503374 -2.98788 -5.75155 -8.93044 
-1.85145 -0.118113 0.0803107 -2.8595 -5.61426 -6.75272 
-1.83257 -0.134809 -0.823216 -2.94607 -5.4194 -9.94468 
-1.86962 -0.0696362 -0.482589 -2.6602 -5.24852 -8.86684 
-1.92203 -0.0586965 -0.463833 -2.47532 -4.87104 -8.94529 
-1.84978 -0.120982 -0.522321 -2.75613 -5.10956 -8.9331 
-1.88701 -0.0744531 0.058625 -2.58712 -4.91411 -7.05754 
-1.83167 -0.133211 -0.784346 -2.82842 -5.11073 -9.95235 
-1.84998 -0.100201 -0.444109 -2.63277 -5.23128 -8.87122 
-1.86865 -0.0899907 -0.461884 -2.67515 -5.18573 -8.71698 
-1.84985 -0.122588 -0.520349 -2.76681 -5.48287 -8.70469 
-1.90487 -0.0872414 0.0976371 -2.66296 -5.42181 -6.98348 
-1.90264 -0.157438 -0.84366 -2.96038 -5.4279 -10.0109 
-1.93796 -0.114428 -0.443955 -2.59445 -5.63043 -8.78763 
-1.95592 -0.0849306 -0.443992 -2.41396 -5.90317 -8.78875 
-1.95659 -0.127642 -0.50386 -2.7787 -6.07921 -8.9253 
-1.97425 -0.0917675 0.0776277 -2.4618 -5.99967 -6.97424 
-1.90374 -0.138255 -0.804318 -2.95466 -5.85828 -9.9414 
-1.92109 -0.104082 -0.483286 -2.64282 -5.67588 -8.85893 
-1.86863 -0.112269 -0.458553 -2.81039 -5.55471 -8.33514 
-1.88553 -0.10257 -0.483097 -2.64017 -5.51756 -8.8618 
-1.92255 -0.0983393 0.0595468 -2.72565 -5.44055 -6.8996 
-1.92317 -0.148043 -0.827216 -3.22508 -5.61406 -10.3146 
-1.99141 -0.0870698 -0.506696 -2.41933 -6.06547 -9.23041 
-1.92116 -0.127398 -0.445844 -2.7859 -6.28761 -8.93553 
-1.95744 -0.148389 -0.468212 -3.01268 -6.1259 -9.23083 
-1.99548 -0.100379 0.0958564 -2.94135 -5.61735 -7.12658 
-1.8868 -0.14782 -0.80571 -3.12349 -5.77058 -10.0926 
-1.85093 -0.102125 -0.461483 -2.75307 -5.66306 -8.63924 
-1.88741 -0.0806256 -0.441108 -2.7241 -5.38465 -8.56765 
-1.86942 -0.111934 -0.52089 -2.9147 -5.36696 -8.78019 
-1.86938 -0.0657224 0.0621079 -2.53922 -5.39751 -6.6797 
-1.90623 -0.135801 -0.861858 -3.26089 -5.28882 -9.93397 
-1.85176 -0.102019 -0.500104 -2.8594 -5.59929 -8.63321 
-1.83511 -0.048326 -0.457893 -2.64728 -5.40008 -8.34418 
-1.83383 -0.109046 -0.498958 -2.90338 -4.95931 -8.5604 
-1.79993 -0.0614384 0.0284825 -2.74057 -4.82711 -6.2264 
-1.72756 -0.128916 -0.854432 -3.14413 -4.69154 -9.26749 
-1.72718 -0.104644 -0.472456 -2.89681 -4.6092 -7.89116 
-1.78056 -0.0732535 -0.472185 -2.69635 -4.29538 -7.8927 
-1.76355 -0.104963 -0.496182 -2.99903 -4.45181 -8.33989 
-1.79786 -0.122686 0.0453144 -2.89363 -4.57235 -6.4511 
-1.79781 -0.110202 -0.877594 -2.90932 -4.70869 -9.64062 
-1.79561 -0.107343 -0.477311 -2.57599 -4.7544 -8.34067 
-1.8134 -0.0969115 -0.477961 -2.50938 -4.64951 -8.41677 
-1.83106 -0.0852123 -0.536437 -2.43291 -4.17789 -8.48551 
-1.7785 -0.0693326 0.0486881 -2.35885 -4.3314 -6.15723 
-1.7445 -0.0978341 -0.89295 -2.84417 -4.53909 -9.26483 
-1.77789 -0.0956297 -0.454056 -2.50875 -4.61517 -7.96856 
-1.76005 -0.127156 -0.432772 -2.70321 -4.83798 -7.74148 
-1.79568 -0.087432 -0.515249 -2.45554 -4.88755 -8.26078 
-1.83177 -0.0810848 0.0492083 -2.41946 -4.38051 -6.07703 
-1.7604 -0.128534 -0.832915 -2.81073 -4.43085 -9.04367 
-1.75918 -0.0836113 -0.488806 -2.33006 -4.30094 -7.58857 
-1.70591 -0.0932798 -0.447197 -2.39996 -4.49286 -7.29348 
-1.74129 -0.0932938 -0.528928 -2.39073 -4.16048 -7.73433 
-1.74377 -0.0675228 0.0146958 -2.46127 -4.11105 -5.70054 
-1.707 -0.137032 -0.851352 -2.8714 -4.25518 -8.96798 
-1.70499 -0.0927326 -0.451567 -2.28831 -4.31041 -7.74813 
-1.74306 -0.0909338 -0.470497 -2.59245 -3.77131 -7.74438 
-1.74194 -0.134821 -0.571492 -2.74807 -4.08545 -8.10174 
-1.79436 -0.101844 0.0289042 -2.33553 -4.4782 -6.14973 
-1.79588 -0.129297 -0.873875 -2.80745 -4.34382 -9.26266 
-1.75913 -0.104802 -0.470392 -2.45854 -4.41798 -7.66436 
-1.77683 -0.114946 -0.467463 -2.51586 -4.30964 -7.36027 
-1.77764 -0.115795 -0.547104 -2.62756 -4.37295 -7.57445 
-1.79526 -0.0794013 0.0173281 -2.30676 -4.17204 -5.39417 
-1.77726 -0.0963178 -0.903324 -2.50231 -4.03652 -8.3558 
-1.75922 -0.0622276 -0.502781 -2.20032 -4.18563 -7.05925 
-1.81435 -0.0746988 -0.465821 -2.48263 -4.46733 -7.21013 
-1.81243 -0.119875 -0.545499 -2.53931 -5.09631 -7.34265 
-1.86633 -0.126087 0.0342553 -2.57705 -4.97298 -5.53591 
-1.93629 -0.133671 -0.87005 -2.59101 -4.61743 -8.79989 
-1.88355 -0.120858 -0.489773 -2.53249 -5.03393 -7.57432 
-1.86405 -0.109367 -0.466626 -2.25076 -4.90571 -7.20281 
-1.81335 -0.0990018 -0.583259 -2.52045 -5.03773 -7.26329 
-1.84765 -0.0907398 0.039414 -2.25712 -4.16355 -5.09078 
-1.74069 -0.15991 -0.880209 -2.78635 -4.55164 -7.89866 
-1.84702 -0.0941435 -0.481497 -2.26722 -3.95783 -6.82797 
-1.77776 -0.115397 -0.460873 -2.62688 -4.49296 -6.67885 
-1.81153 -0.0964717 -0.539879 -2.28865 -4.5501 -6.81855 
-1.81216 -0.0908344 0.0415747 -2.26514 -4.37853 -4.86524 
-1.77627 -0.139047 -0.881509 -2.65313 -4.34184 -8.05087 
-1.7929 -0.0831612 -0.477755 -2.10376 -4.10219 -6.45411 
-1.74123 -0.112627 -0.47767 -2.5074 -4.03256 -6.45362 
-1.775 -0.115218 -0.516766 -2.30031 -4.32985 -6.44479 
-1.77566 -0.0892473 0.00747443 -2.15307 -4.1692 -4.40915 
-1.73986 -0.116692 -0.914748 -2.41586 -4.1377 -7.52144 
-1.77334 -0.0937189 -0.474993 -1.95525 -4.21898 -6.15184 
-1.81059 -0.0941627 -0.513625 -2.16583 -4.1218 -6.14347 
-1.81146 -0.0945764 -0.535191 -2.27607 -4.1794 -6.36666 
-1.77476 -0.111305 0.0279307 -2.17932 -4.47884 -4.25765 
-1.79414 -0.130125 -0.877966 -2.59657 -4.61113 -7.6718 
-1.81075 -0.0968069 -0.477542 -2.18434 -4.73785 -6.3735 
-1.82933 -0.107365 -0.496179 -2.35191 -4.6871 -6.29259 
-1.84514 -0.118033 -0.577368 -2.1948 -4.47063 -6.65794 
-1.8468 -0.0698962 0.00598615 -2.0225 -4.11773 -4.55848 
-1.77623 -0.138432 -0.896344 -2.64858 -4.22135 -7.59488 
-1.79454 -0.105325 -0.553887 -2.4523 -4.34277 -6.28698 
-1.7956 -0.0836785 -0.477717 -2.43116 -4.27189 -6.4524 
-1.77493 -0.137267 -0.537151 -2.43353 -4.57486 -6.51403 
-1.79531 -0.0794385 0.0454838 -2.30752 -4.29777 -4.48956 
-1.77744 -0.0761057 -0.857251 -2.3818 -4.28881 -7.60708 
-1.75808 -0.123733 -0.474919 -2.46314 -4.11594 -6.149 
-1.74224 -0.0925018 -0.474658 -2.49448 -4.21933 -6.1524 
-1.75909 -0.0822842 -0.516257 -2.32034 -4.06081 -6.44984 
-1.81214 -0.0678445 0.0256286 -2.12472 -3.88992 -4.56433 
-1.79481 -0.149182 -0.919421 -2.81741 -4.16886 -7.96752 
-1.79466 -0.0837959 -0.516446 -2.323 -4.21914 -6.44697 
-1.79474 -0.0608902 -0.457262 -2.18504 -3.84617 -6.38428 
-1.75797 -0.123842 -0.554489 -2.46193 -3.99854 -6.36431 
-1.77662 -0.066659 0.0473131 -2.12472 -3.85471 -4.34289 
-1.75848 -0.125535 -0.855786 -2.57395 -3.83104 -7.45364 
-1.74135 -0.0930418 -0.494112 -2.38961 -4.28882 -6.14942 
-1.81249 -0.0520772 -0.53329 -2.12728 -3.99806 -6.22051 
-1.77854 -0.0932558 -0.55646 -2.59816 -4.06766 -6.59213 
-1.7774 -0.0877447 0.0271061 -2.35953 -3.90799 -4.41265 
-1.72465 -0.125515 -0.933088 -2.79526 -3.91762 -7.44282 
-1.74051 -0.0478791 -0.474768 -2.00761 -3.49499 -6.23638 
-1.7058 -0.0690593 -0.492814 -2.25045 -3.76325 -6.0806 
-1.70564 -0.0903587 -0.55397 -2.37772 -3.7629 -6.3717 
-1.77646 -0.0857247 0.0466999 -2.2386 -3.47708 -4.41787 
-1.7948 -0.103914 -0.938698 -2.54175 -3.31126 -8.04845 
-1.75897 -0.101772 -0.497595 -2.43751 -3.80542 -6.52727 
-1.70748 -0.0896049 -0.493567 -2.59013 -3.74704 -6.15334 
-1.70486 -0.069273 -0.533763 -2.14291 -3.70963 -6.30193 
-1.72495 -0.119779 0.0289852 -2.67226 -4.40338 -4.18323 
-1.77522 -0.15846 -0.897135 -2.66087 -4.03544 -7.66934 
-1.70749 -0.113259 -0.51198 -2.73403 -4.36536 -5.99417 
-1.74312 -0.0689719 -0.471151 -2.45894 -3.66123 -5.85447 
-1.77769 -0.0703711 -0.533785 -2.35141 -3.64282 -6.29724 
-1.75968 -0.0544179 0.012671 -2.16053 -3.52946 -3.9623 
-1.70607 -0.114861 -0.912231 -2.62707 -3.96924 -7.29695 
-1.775 -0.0912746 -0.491692 -2.15451 -3.71415 -5.92367 
-1.79109 -0.0611549 -0.530388 -1.75296 -3.75342 -5.92048 
-1.75895 -0.102533 -0.534174 -2.44162 -3.93425 -6.29395 
-1.77738 -0.0863683 0.0488499 -2.35088 -3.65866 -4.18998 
-1.76014 -0.125324 -0.933028 -2.78661 -3.7035 -7.44159 
-1.74125 -0.0899629 -0.47212 -2.36964 -3.66706 -5.9284 
-1.77679 -0.0685811 -0.490475 -2.2325 -3.3359 -5.85138 
-1.74206 -0.0908114 -0.551761 -2.48134 -3.73037 -6.14259 
-1.75961 -0.0764662 -0.00771399 -2.29375 -3.77447 -4.03154 
-1.75931 -0.125429 -0.894407 -2.68028 -3.76727 -7.44762 
-1.75905 -0.103282 -0.493403 -2.44756 -4.1796 -6.07209 
-1.79463 -0.0823232 -0.492482 -2.31371 -3.97068 -5.99753 
-1.75894 -0.124908 -0.533064 -2.57749 -4.30236 -6.13888 
-1.81214 -0.0677481 0.0278487 -2.12409 -3.89079 -4.33757 
-1.79389 -0.148249 -0.914911 -2.70325 -3.98989 -7.5151 
-1.86297 -0.105694 -0.495979 -2.11745 -4.11157 -6.29361 
-1.82935 -0.106507 -0.457379 -2.34717 -4.55915 -6.29915 
-1.82914 -0.127288 -0.535591 -2.47053 -4.43743 -6.36102 
-1.81212 -0.090219 0.0267392 -2.2606 -4.25804 -4.40926 
-1.72296 -0.126583 -0.894644 -2.58734 -4.17311 -7.44832 
-1.79194 -0.0819022 -0.49474 -1.98695 -3.80011 -6.22601 
-1.81155 -0.0716708 -0.476006 -2.13811 -3.80644 -6.30397 
-1.7927 -0.125459 -0.516057 -2.35826 -4.22063 -6.36747 
-1.79343 -0.0990531 0.0662584 -2.20956 -4.05426 -4.34083 
-1.75924 -0.147574 -0.917012 -2.81413 -4.0114 -7.74362 
-1.79016 -0.103642 -0.454938 -1.90359 -4.05129 -6.07808 
-1.80975 -0.0726544 -0.512694 -1.92773 -3.94629 -6.07125 
-1.79364 -0.0821143 -0.552707 -2.20289 -3.79481 -6.21641 
-1.75593 -0.118774 0.0118431 -2.1178 -3.90922 -3.95509 
-1.74051 -0.15793 -0.950651 -2.77131 -4.06529 -7.20855 
-1.7573 -0.104689 -0.510815 -2.24046 -4.44169 -5.84182 
-1.82842 -0.0840575 -0.492779 -2.10187 -4.14002 -5.99526 
-1.77494 -0.137074 -0.532711 -2.43227 -4.5766 -6.0605 
-1.8298 -0.101221 -0.00913097 -2.32266 -4.27765 -4.09861 
-1.77715 -0.139075 -0.894194 -2.76086 -4.40293 -7.367 
-1.77413 -0.114612 -0.49076 -2.1888 -4.274 -5.76807 
-1.75737 -0.0826404 -0.49043 -2.10724 -4.19668 -5.77259 
-1.77491 -0.114277 -0.553097 -2.2931 -4.08624 -6.21312 
-1.7935 -0.0790458 0.0305404 -2.08848 -4.18829 -4.03417 
-1.77623 -0.138335 -0.894124 -2.64795 -4.22222 -7.36812 
-1.79196 -0.104699 -0.474354 -2.12611 -4.29047 -6.07339 
-1.79374 -0.10438 -0.472026 -2.33997 -4.28032 -5.84603 
-1.75716 -0.125131 -0.533172 -2.363 -4.31338 -6.13947 
-1.79266 -0.0576339 0.0292517 -1.85102 -4.0119 -4.18872 
-1.70419 -0.158226 -0.91209 -2.67364 -4.34317 -7.21581 
-1.77497 -0.0922284 -0.532712 -2.15989 -3.84124 -6.14388 
-1.77592 -0.0920146 -0.491763 -2.26742 -3.89487 -5.92255 
-1.7927 -0.125362 -0.513837 -2.35763 -4.22151 -6.1407 
-1.81118 -0.111757 0.03014 -2.28294 -4.44631 -4.02854 
-1.8286 -0.150724 -0.915278 -2.60432 -4.33994 -7.51171 
-1.82775 -0.0651935 -0.455765 -1.88229 -4.58055 -6.15307 
-1.80969 -0.11622 -0.493169 -2.19209 -4.43145 -5.99197 
-1.7936 -0.12696 -0.552706 -2.47527 -4.53017 -6.13303 
-1.829 -0.102606 0.00996655 -2.22436 -4.59161 -4.10054 
-1.80908 -0.1618 -0.89546 -2.45972 -4.57809 -7.43865 
-1.82935 -0.108548 -0.513482 -2.35931 -4.93817 -6.06173 
-1.86215 -0.129454 -0.475771 -2.15502 -4.79365 -6.14046 
-1.88075 -0.141484 -0.518372 -2.33188 -4.99135 -6.50899 
-1.91625 -0.0739875 0.0440517 -1.8199 -4.68987 -4.55825 
-1.88286 -0.165111 -0.919516 -2.7904 -4.94045 -7.88228 
-1.87914 -0.120504 -0.459543 -1.99074 -5.00185 -6.44526 
-1.89857 -0.130003 -0.475782 -2.25927 -4.76024 -6.13812 
-1.8639 -0.130281 -0.518903 -2.37551 -4.90885 -6.58685 
-1.84585 -0.135519 0.0459674 -2.31312 -4.91254 -4.3277 
-1.82791 -0.132717 -0.917063 -2.38948 -4.90842 -7.66297 
-1.82659 -0.130079 -0.533905 -2.16513 -5.01348 -6.13268 
-1.86226 -0.0862145 -0.4738 -1.89332 -4.4316 -5.99544 
-1.84698 -0.117183 -0.514745 -2.40658 -4.45564 -6.21281 
-1.82904 -0.103028 0.0292421 -2.22764 -4.71385 -4.103 
-1.79226 -0.151781 -0.913295 -2.51075 -4.74665 -7.28564 
-1.82666 -0.107935 -0.5113 -2.03128 -4.76935 -5.83668 
-1.86224 -0.0870719 -0.5126 -1.89806 -4.55955 -5.98888 
-1.8265 -0.129138 -0.570236 -2.15793 -4.76987 -5.90101 
-1.84432 -0.0720602 0.070187 -1.71439 -4.68981 -3.88562 
-1.77366 -0.141984 -0.931238 -2.34729 -4.92623 -7.13323 
-1.79188 -0.148929 -0.489188 -2.39394 -4.90533 -5.53402 
-1.8106 -0.139238 -0.489908 -2.44023 -4.98114 -5.60901 
-1.80972 -0.141251 -0.533326 -2.34464 -5.29909 -6.05546 
-1.84513 -0.0944259 0.0304563 -1.95723 -4.99328 -3.95128 
-1.8634 -0.13243 -0.914783 -2.38019 -4.69518 -7.43498 
-1.84454 -0.0983485 -0.473399 -1.97125 -4.90893 -5.91769 
-1.8471 -0.119115 -0.491278 -2.41992 -4.95206 -5.76009 
-1.82832 -0.129434 -0.553073 -2.37634 -4.88022 -6.12964 
-1.862 -0.0833508 0.0276566 -1.77834 -4.7068 -4.25527 
-1.84557 -0.142535 -0.935629 -2.44414 -4.67696 -7.58319 
-1.82664 -0.130502 -0.51463 -2.16842 -5.13572 -6.13514 
-1.88096 -0.0989939 -0.47563 -2.07612 -4.87466 -6.14211 
-1.8622 -0.13211 -0.517039 -2.1717 -5.29317 -6.35903 
-1.91628 -0.0967846 0.0644379 -1.95906 -5.18023 -4.40563 
-1.86157 -0.178548 -0.958129 -2.44408 -5.56777 -7.79917 
-1.89792 -0.112419 -0.458291 -2.04771 -5.45097 -6.29183 
-1.88186 -0.122205 -0.476809 -2.32553 -5.42261 -6.21268 
-1.86321 -0.112178 -0.518467 -2.16004 -5.4782 -6.51134 
-1.88065 -0.117225 0.0464618 -2.08899 -5.26778 -4.25097 
-1.88117 -0.144566 -0.918762 -2.45072 -4.95666 -7.80954 
-1.88174 -0.141693 -0.458147 -2.4427 -5.16722 -6.29011 
-1.88084 -0.12062 -0.51529 -2.20606 -4.99742 -6.20889 
-1.88075 -0.141484 -0.518372 -2.33188 -4.99135 -6.50899 
-1.77477 -0.156573 0.0472075 -2.45499 -5.33644 -4.17672 
-1.82853 -0.172772 -0.935663 -2.73754 -4.58494 -7.58095 
-1.84433 -0.117184 -0.497728 -2.0831 -4.40732 -6.44375 
-1.81066 -0.117479 -0.476183 -2.3089 -4.73353 -6.22006 
-1.86293 -0.129119 -0.538108 -2.25933 -4.6059 -6.58551 
-1.87961 -0.114456 0.0252844 -1.96212 -4.59152 -4.47804 
-1.82773 -0.174254 -0.918785 -2.63986 -4.89804 -7.80964 
-1.91742 -0.100062 -0.458585 -2.18428 -4.96262 -6.36898 
-1.86409 -0.110165 -0.47505 -2.25563 -5.16026 -6.06489 
-1.86397 -0.131887 -0.516931 -2.3862 -5.28216 -6.35844 
-1.91624 -0.0962656 0.0473824 -1.95514 -5.05886 -4.17641 
-1.9016 -0.156603 -0.937539 -2.84409 -5.26733 -7.7264 
-1.93337 -0.111709 -0.475287 -2.03514 -5.11549 -6.06139 
-1.89873 -0.110937 -0.475169 -2.14539 -5.13788 -6.06314 
-1.89866 -0.111468 -0.535464 -2.14747 -5.14272 -6.2809 
-1.89911 -0.147271 0.0464876 -2.37372 -4.96164 -4.2475 
-1.89903 -0.133603 -0.859117 -2.38202 -4.84692 -7.66788 
-1.88094 -0.121368 -0.474519 -2.212 -5.24277 -5.98703 
-1.89785 -0.11062 -0.455823 -2.03577 -5.0794 -6.06671 
-1.8622 -0.132014 -0.514819 -2.17107 -5.29404 -6.13227 
-1.93488 -0.0848716 0.0469107 -1.99012 -4.76224 -4.25303 
-1.88214 -0.124018 -0.935027 -2.43451 -5.02119 -7.50587 
-1.86307 -0.130097 -0.473621 -2.26729 -4.97523 -5.91258 
-1.89875 -0.0884662 -0.474059 -2.00888 -4.77063 -5.99145 
-1.86218 -0.130734 -0.495295 -2.16305 -5.04384 -6.13636 
-1.8815 -0.116166 0.0488599 -2.18995 -5.07692 -4.02473 
-1.89975 -0.155027 -0.935179 -2.61766 -4.90678 -7.50187 
-1.86218 -0.152251 -0.455385 -2.29418 -5.284 -5.98784 
-1.9156 -0.121283 -0.435838 -2.09701 -5.09243 -5.99184 
