0.0278401 0.176717 -0.7154 1.8147 -0.618254 -2.4407 
0.0874485 0.0493694 -0.0429158 0.38723 -0.842196 -0.578494 
0.0735126 0.149861 -0.619522 0.903235 -0.615773 -1.79238 
0.00642457 0.0692049 -0.578697 0.65134 -0.0626887 -1.43144 
0.0547791 0.0972126 -0.541773 0.383599 -0.620384 -1.44488 
0.0788163 0.230064 -1.04457 1.6139 -1.27487 -3.19505 
-0.0177272 -0.0317929 -0.0963076 -0.495803 -0.20486 -0.213319 
0.0898743 0.0633465 -0.584517 0.0523353 -0.400042 -2.01201 
0.0570501 0.0767141 -0.580654 0.484119 -0.747466 -1.5101 
0.0551382 0.116138 -0.482863 0.711519 -0.619188 -1.16012 
-0.00656636 0.139921 -0.946607 1.1824 -0.421875 -2.99155 
0.0371686 -0.0205576 -0.0992925 -0.0110055 -0.525889 -0.496674 
0.0744608 0.130277 -0.601099 0.889382 -0.551138 -1.86623 
0.0924306 0.0794681 -0.582886 0.595253 -0.775371 -1.72137 
0.0578557 0.0564787 -0.484884 0.569178 -0.615085 -1.37569 
0.0117416 0.152225 -1.06295 1.26043 -0.540304 -3.26151 
0.0911007 0.0105177 0.0139363 0.687338 -0.654005 -0.503899 
0.0771544 0.0898945 -0.640648 0.870737 -0.676214 -2.00419 
0.0413492 0.0668887 -0.543559 0.62216 -0.512219 -1.88191 
0.0551621 0.0968613 -0.445334 0.587823 -0.490009 -1.23773 
0.00992457 0.187645 -1.09881 1.28158 -1.03907 -2.90119 
0.0363474 -6.6325e-005 -0.0604254 0.103629 -0.400722 -0.428812 
0.0918977 0.118282 -0.640692 0.718104 -0.965599 -2.01146 
0.0905352 0.138729 -0.48628 0.927119 -0.645512 -1.7402 
0.0585509 0.0551728 -0.447588 0.657924 -0.670925 -1.60409 
0.061931 0.263219 -1.04255 2.02341 -0.806698 -2.96681 
0.0674837 0.0198206 -0.118289 -0.304343 -0.801292 -0.351267 
0.0781785 0.0927517 -0.698014 0.999015 -0.500232 -1.9874 
0.0420943 0.0671649 -0.525393 0.720123 -0.447796 -2.1038 
0.123621 0.138049 -0.468405 0.706701 -0.976451 -1.74526 
0.0476311 0.178651 -1.06366 1.72714 -0.206225 -3.16847 
0.0704842 -0.000145729 -0.0043663 0.0938337 -0.606402 -0.436099 
0.0569635 0.119575 -0.620355 0.718837 -0.505572 -2.01392 
0.0401981 0.0631243 -0.543484 0.393102 -0.878003 -1.89271 
0.0412692 0.0858617 -0.482796 0.964777 -0.51461 -1.15561 
-0.00457444 0.16005 -0.928712 1.60733 -0.35958 -3.35883 
0.00266972 -0.0211057 -0.0770784 0.105051 -0.254256 -0.0603461 
0.0769317 0.0728986 -0.697743 0.672045 -0.498105 -1.842 
0.039659 0.103216 -0.522127 0.744092 -0.82118 -1.52758 
0.108056 0.0869449 -0.410739 0.619242 -0.862836 -1.60674 
0.0101285 0.187877 -0.9651 1.47393 -0.779726 -2.91968 
0.0705103 0.0207133 -0.0610251 0.226747 -0.615319 -0.351973 
0.0225811 0.0988195 -0.618829 0.603068 -0.292768 -1.86998 
0.0742817 0.0876518 -0.545072 0.522775 -0.723107 -2.02849 
0.0587808 0.0762641 -0.370536 0.983181 -0.420499 -1.53846 
0.0785207 0.250855 -0.986613 1.83385 -1.08708 -3.1283 
0.0701116 0.0213205 -0.0228271 0.222216 -0.488145 -0.356848 
0.0539474 0.139798 -0.59964 0.520354 -0.442912 -1.72681 
0.0892041 0.158664 -0.601142 0.736748 -0.840523 -1.8735 
0.00530791 0.0240699 -0.444359 0.276465 -0.351598 -1.17006 
0.0288194 0.19983 -0.985007 1.75619 -0.767779 -2.98249 
0.0534409 0.0472831 -0.117117 0.399687 -0.885745 -0.352074 
0.10879 0.132431 -0.641516 0.789892 -0.704301 -2.07527 
0.0400015 0.0669874 -0.657237 0.327322 -0.70881 -1.6464 
0.0568023 0.0589517 -0.447636 0.456674 -0.301311 -1.59858 
-0.00924119 0.197067 -0.983674 1.20739 -0.734251 -2.99728 
0.000874302 -0.00188944 2.41706e-005 0.100625 -0.184807 -0.00275763 
0.177029 0.173643 -0.663661 0.916119 -1.19254 -2.36202 
0.0750103 0.0680915 -0.525722 0.516271 -0.660266 -1.88157 
0.019669 0.0729008 -0.407388 0.223767 -0.512229 -1.55102 
0.0632496 0.182033 -0.911475 1.62456 -0.722224 -3.28165 
-0.00030605 -0.000323714 -0.0200189 -0.11266 -0.0608357 -0.219657 
0.0571427 0.118992 -0.657626 0.730717 -0.634539 -1.78827 
0.0579982 0.100339 -0.580986 0.824993 -0.381894 -1.64734 
0.0535624 0.0921219 -0.387931 0.345017 -0.848883 -1.25992 
0.0613034 0.219618 -0.929192 1.64305 -0.971758 -3.14046 
0.0180894 -0.0107883 0.03679 0.034814 -0.16203 -0.152335 
0.0710833 0.0914379 -0.545107 0.106372 -0.351578 -2.02562 
0.092571 0.0399835 -0.566045 0.239732 -0.705022 -2.09138 
0.0725728 0.107216 -0.447024 0.638359 -0.594617 -1.53047 
-0.0771005 0.138484 -0.923111 1.07935 0.064264 -2.56196 
0.0689701 0.0185785 -0.0782269 0.0216033 -0.864427 0.08529 
0.0731036 0.129353 -0.659302 0.566098 -0.737232 -2.08365 
0.0755589 0.0722309 -0.621309 0.548454 -0.42665 -1.85715 
0.122723 0.116007 -0.487203 0.375044 -1.22176 -1.6015 
0.0454829 0.169772 -0.910674 1.45215 -0.798715 -3.21508 
0.104354 0.081561 -0.0411942 0.693506 -0.771299 -0.130779 
0.0921245 0.122353 -0.621661 0.83732 -0.53527 -2.00442 
0.0740883 0.108535 -0.600804 0.663037 -0.733817 -1.72359 
0.0405854 0.00663992 -0.466353 0.163122 -0.440127 -1.45295 
0.00972665 0.171465 -0.984923 1.26336 -0.472649 -2.98315 
-0.00148413 -0.00183092 -0.115494 -0.424065 -0.375897 -0.211434 
0.0429623 0.0312362 -0.641411 0.408665 -0.272797 -2.22374 
0.00347809 0.0846569 -0.501519 0.417855 -0.359025 -1.38465 
0.0368197 0.125928 -0.463252 0.655608 -0.448455 -1.23995 
-0.0252313 0.148827 -0.98336 1.03306 -0.442738 -2.84461 
-0.000206052 -0.0403681 -0.0395229 -0.448953 -0.121246 -0.14324 
0.0410931 0.0681472 -0.582708 0.518717 -0.452791 -2.09506 
0.0748834 0.0671842 -0.583012 0.41549 -0.850068 -1.87558 
0.0894415 0.0974332 -0.466622 0.479116 -0.763435 -1.45329 
0.0263715 0.217839 -0.984287 1.54567 -0.950763 -2.9178 
0.0171569 0.00853979 -0.11627 -0.151026 -0.484214 -0.28076 
0.0571135 0.0811132 -0.658989 0.391762 -0.445719 -1.93099 
0.0564246 0.116458 -0.580242 0.7151 -0.749685 -1.5854 
0.0716217 0.0665712 -0.504712 0.091443 -0.780286 -1.45182 
0.0552265 0.193901 -1.06249 0.349842 -1.77382 -2.99805 
-0.0305928 -0.0229158 -0.133113 0.21547 -0.233382 -0.0558165 
0.0388481 0.109505 -0.600486 0.55111 -0.334626 -1.94571 
0.0576026 0.117966 -0.484767 1.0265 -0.434624 -1.59363 
0.0892385 0.117294 -0.466879 0.590932 -0.763648 -1.60132 
0.026818 0.178678 -0.947427 1.30281 -0.819577 -3.06815 
0.0154167 0.0864938 -0.0944642 0.316415 -0.612501 0.00366907 
0.0750259 0.111044 -0.679115 0.671305 -0.616878 -2.14723 
0.0890584 0.140993 -0.581817 0.629619 -0.592874 -1.72382 
0.0206193 0.0934526 -0.483152 0.466523 -0.58569 -1.46313 
0.0110005 0.189061 -0.889644 1.67267 -0.5255 -3.14756 
0.0690439 0.000883927 -0.0598278 -0.0928747 -0.614985 0.0141953 
0.0564618 0.0999986 -0.601918 0.48983 -0.439021 -2.09041 
0.0583947 0.0595957 -0.524996 0.572916 -0.370972 -1.8042 
0.0745452 0.0472799 -0.46721 0.398056 -0.654936 -1.52415 
0.0622276 0.219311 -0.948297 1.75289 -1.0363 -3.1367 
0.0355762 -0.0212016 -0.0219325 -0.127247 -0.456228 -0.291048 
0.0744338 0.132534 -0.696649 0.807036 -0.500414 -1.84721 
0.0372745 0.125624 -0.599742 0.441217 -0.702416 -1.88377 
0.0737001 0.087048 -0.465872 0.636385 -0.658948 -1.37868 
0.0259437 0.180568 -0.947451 1.20218 -0.63477 -3.06539 
0.0533191 0.0103353 -0.060262 0.168862 -0.508917 -0.280006 
0.0906561 0.198793 -0.695343 1.20851 -0.980534 -1.70912 
0.0547791 0.0972126 -0.541773 0.383599 -0.620384 -1.44488 
0.00615292 0.0275106 -0.464453 0.392862 -0.0466494 -1.37892 
0.0953632 0.220214 -0.949553 1.54169 -1.24698 -3.13524 
-0.0184953 0.00730019 -0.0185492 -0.165909 -0.139332 -0.080353 
0.041066 0.0704043 -0.678258 0.436371 -0.402068 -2.07603 
0.0572457 0.139176 -0.637865 0.955193 -0.573915 -1.71665 
0.0221534 0.0968657 -0.386788 0.899805 -0.0895297 -1.24518 
0.0262955 0.195398 -0.908498 1.40354 -1.06211 -3.00844 
0.0691105 -0.020906 -0.0613859 -0.333917 -0.794078 -0.284714 
0.0390802 0.170732 -0.617622 1.13298 -0.222296 -1.71834 
0.0061321 -0.0147194 -0.620409 -0.27235 -0.543914 -1.95172 
0.0746482 0.0674639 -0.447449 0.622532 -0.594313 -1.45253 
0.0413947 0.2689 -0.926408 1.72751 -0.869459 -2.85293 
0.000142669 -0.0425575 -0.058591 -0.45364 -0.368683 -0.144881 
0.161637 0.161068 -0.681979 1.0687 -1.33549 -2.28905 
0.0401815 0.0864964 -0.561056 0.643362 -0.578648 -1.58729 
0.053911 0.133141 -0.425755 0.695057 -0.795382 -1.32495 
-0.00608845 0.135566 -0.983817 1.18038 -0.918542 -2.77406 
0.0885758 0.0292018 -0.061764 0.385256 -0.906528 -0.426698 
0.0571697 0.116735 -0.562076 0.813063 -0.685262 -1.80729 
0.0224647 0.0758185 -0.579385 0.480166 -0.534875 -1.51421 
0.0568054 0.0759713 -0.389615 0.662715 -0.481214 -1.53999 
0.0755292 0.271893 -0.794917 1.81583 -0.636107 -3.08534 
0.00130206 0.0785908 -0.0555672 0.798837 -0.199863 0.0814452 
0.0759002 0.109155 -0.679091 0.77193 -0.801685 -2.14999 
0.0381799 0.108553 -0.542232 0.544711 -0.329509 -1.73633 
0.0920133 0.0201029 -0.449317 0.229646 -0.511683 -1.51917 
-0.00493426 0.15635 -0.925871 1.61548 -0.73266 -2.70467 
0.0178855 -0.0110205 -0.0969206 -0.157531 -0.421372 -0.133839 
0.0587589 0.100359 -0.697457 0.723263 -0.57502 -2.07151 
0.039609 0.144843 -0.521753 1.0896 -0.640506 -1.59749 
0.0410578 0.0315469 -0.504908 0.407902 -0.0169209 -1.58256 
-0.00705537 0.138386 -0.925624 1.18788 -0.545725 -2.55652 
0.020577 -0.091539 -0.0422823 -0.432784 -0.408352 -0.433532 
0.0412982 0.131631 -0.695394 1.01824 -0.289738 -1.84867 
0.109452 0.091452 -0.601853 0.669703 -0.763304 -1.56605 
0.0594325 0.0573787 -0.427607 0.885113 -0.427197 -1.37904 
0.0420681 0.147393 -0.833006 0.894409 -0.909818 -2.86946 
0.0212316 -0.0501959 -0.0600873 0.0299173 -0.294016 -0.278902 
0.0747064 0.151112 -0.658684 1.01495 -0.558261 -2.00288 
0.123983 0.138677 -0.546679 0.60044 -1.0424 -2.1743 
0.0885172 0.0977404 -0.447516 0.369273 -0.698891 -1.45704 
0.0430351 0.144573 -0.891199 0.886904 -1.28263 -3.087 
0.0384781 0.0189198 -0.116147 0.559669 -0.598154 -0.124029 
0.0570396 0.0988079 -0.677388 0.50624 -0.695162 -1.85989 
0.0385548 0.0840143 -0.599203 0.318209 -0.886798 -1.59046 
0.0737875 -0.0142472 -0.469167 -0.289122 -0.829895 -1.7504 
0.0949146 0.219239 -0.892225 1.52795 -1.24007 -3.14663 
0.0700086 0.00113648 -0.0425885 -0.00226051 -0.548769 -0.428468 
0.0557427 0.16379 -0.695498 0.879508 -0.211424 -1.84778 
0.0738853 0.0851861 -0.582306 0.420126 -1.03497 -1.80824 
0.0750947 0.028303 -0.410589 0.379672 -0.463128 -1.60288 
0.0081135 0.207117 -0.887071 1.47685 -0.712071 -2.64132 
0.0380533 -0.00133205 -0.0212901 0.422226 -0.462064 -0.213029 
0.0569604 0.102556 -0.678376 0.512796 -0.325669 -2.07251 
0.0416283 0.0262608 -0.600334 0.297747 -0.701596 -1.57985 
0.0896475 0.137801 -0.427099 0.928069 -0.642189 -1.31005 
0.0246739 0.156875 -0.8325 0.94834 -0.803629 -2.94553 
0.0171673 0.0296548 -0.038292 0.18158 -0.235581 0.00564296 
0.041422 0.0723103 -0.677369 0.558249 -0.220969 -1.84986 
0.109987 0.107493 -0.603902 0.752918 -1.12763 -2.16379 
0.0908122 0.0579651 -0.448868 0.346098 -0.696794 -1.59987 
0.00761181 0.187541 -0.868635 1.24785 -0.64552 -2.71782 
0.0184111 -0.0107206 -0.0778282 -0.0522189 -0.358743 -0.134955 
0.00387861 0.138904 -0.599571 0.628451 -1.04075 -2.2676 
0.0922837 0.178159 -0.504987 1.4831 -0.71419 -1.8091 
0.0377148 0.0877419 -0.48372 0.426496 -0.324179 -1.37891 
0.043138 0.207966 -0.890193 1.46611 -0.921075 -3.07877 
0.0352036 0.000264627 -0.0403933 0.00113506 -0.337971 -0.211797 
0.0730473 0.0937319 -0.756215 0.144798 -0.497689 -2.20735 
0.0567836 0.178593 -0.540088 1.39775 -0.447552 -1.36403 
0.00628211 0.0253449 -0.482594 0.395524 -0.295879 -1.15979 
0.00624111 0.227009 -0.886389 1.38086 -0.712162 -2.57123 
0.107085 -0.0184902 -0.0836642 0.0948638 -0.886648 -0.710359 
0.114738 0.117056 -0.832412 1.374 -0.610302 -1.87862 
0.107879 0.170873 -0.486411 1.2187 -0.571028 -1.73403 
-0.0146166 0.0382897 -0.502143 -0.0796084 0.121004 -1.45264 
0.126648 0.224804 -0.837165 1.20893 -0.889533 -3.36642 
0.153365 0.0826265 -0.0277031 0.21632 -0.0962396 -0.921028 
0.264278 0.159869 -0.746795 0.793562 -0.500072 -2.97043 
0.208556 0.0888528 -0.516568 -0.0898179 0.222317 -2.94268 
0.395176 0.227628 -0.465198 0.580306 -0.394279 -3.22052 
0.311521 0.322189 -0.943679 1.05622 0.0237108 -4.46703 
0.305057 0.0781846 -0.114385 -0.523333 0.913982 -1.73361 
0.411978 0.247527 -0.697198 0.376612 0.0296866 -3.6802 
0.308715 0.162258 -0.653176 -0.0935983 0.42599 -2.89261 
0.36263 0.173497 -0.538763 0.500278 0.296293 -2.53103 
0.275928 0.280345 -0.901807 0.724275 0.177421 -3.74378 
0.390942 0.101487 -0.193276 -0.572279 -0.607439 -1.73385 
0.375686 0.263122 -0.673313 0.390123 -0.0682643 -2.96116 
0.291323 0.18876 -0.594649 0.166375 0.352277 -2.9101 
0.288969 0.182722 -0.499937 -0.202841 -0.0605227 -3.16333 
0.223814 0.341857 -0.961702 0.851092 -0.237656 -5.15872 
0.287059 0.132705 -0.0789731 -0.431302 -0.316795 -2.95626 
0.24201 0.188659 -0.659307 0.0142753 -0.236209 -5.20832 
0.133473 0.31865 -0.588757 0.731131 -0.165127 -3.63256 
0.2087 0.124316 -0.426128 0.0648871 -0.00275598 -4.36704 
0.160455 0.329589 -0.903582 1.53302 -0.727928 -5.63101 
0.151948 0.137026 0.00427601 0.159557 -0.507619 -2.71085 
0.156038 0.230221 -0.671166 0.517239 -0.331281 -4.49196 
0.105899 0.156127 -0.515497 0.403705 -0.0573789 -4.00776 
0.0869655 0.140359 -0.379984 0.201926 -0.242105 -3.74971 
0.125467 0.284298 -0.84163 1.29983 -0.881081 -4.69627 
0.0841008 0.0763926 -0.0660683 -0.0381605 -0.158635 -1.59748 
0.108641 0.155668 -0.664634 0.780906 -0.39227 -3.09713 
0.0210905 0.156195 -0.639582 0.711326 -0.537133 -2.53915 
0.0732022 0.0692657 -0.451166 0.277358 -0.400417 -2.33551 
0.0408543 0.210422 -0.853859 1.1311 -0.603592 -3.52507 
0.0478557 0.0333416 -0.100579 -0.576201 -0.257356 -0.867126 
0.143389 0.136144 -0.70199 0.692271 -0.735409 -2.49857 
0.0925449 0.0623333 -0.528142 0.461546 -0.395168 -2.23889 
0.0187842 0.096884 -0.504146 0.145264 -0.275117 -1.89805 
0.0447386 0.189589 -0.795387 1.65835 -0.604008 -3.15973 
0.0172046 0.0131949 -0.0599681 -0.0436897 0.0750821 -0.499367 
0.125749 0.168 -0.662655 0.975366 -0.32116 -2.50137 
0.143811 -0.0201451 -0.533592 -0.374314 -0.149709 -2.66216 
0.189215 0.151146 -0.472028 0.318664 -0.292912 -1.93864 
0.211495 0.228827 -0.934979 1.01509 -0.451768 -3.02328 
0.220342 0.0542047 -0.144478 -0.374409 0.204411 -0.582939 
0.240719 0.194942 -0.74474 0.241824 0.16057 -2.75 
0.325646 0.25012 -0.540326 0.599208 0.330644 -3.57687 
0.39576 0.160453 -0.522607 0.181155 0.704553 -2.81328 
0.500076 0.274256 -0.970046 0.528941 0.449973 -4.1106 
0.576399 0.167015 -0.161995 -0.483913 1.29188 -1.65482 
0.699712 0.257777 -0.804526 -0.381432 1.22284 -3.56769 
0.682497 0.286768 -0.707838 -0.011461 1.45919 -3.58465 
0.779441 0.335725 -0.656755 -0.637223 1.57455 -4.3156 
0.973233 0.447713 -1.09104 0.0913918 1.40528 -6.17589 
1.00988 0.30098 -0.209385 -2.05547 2.73118 -4.55232 
1.27141 0.439421 -0.936767 -1.81325 2.11489 -7.38651 
1.30148 0.450907 -0.86454 -2.34353 3.08606 -8.04069 
1.53342 0.645036 -0.779379 -2.25387 2.65617 -9.13129 
1.53858 0.679419 -1.28492 -2.06587 3.22504 -11.154 
1.73447 0.666897 -0.462474 -2.54968 3.56757 -9.1276 
1.80804 0.710942 -1.06804 -2.53754 4.31808 -11.5537 
1.85547 0.682101 -0.975844 -3.37777 4.14292 -11.7912 
1.88736 0.766588 -0.956319 -3.00045 4.35635 -11.7125 
1.94266 0.877025 -1.44094 -2.43206 3.19015 -13.3278 
1.93642 0.693225 -0.573303 -3.45819 4.20325 -10.8199 
2.00948 0.808072 -1.25154 -2.98079 3.9542 -12.7409 
1.99033 0.737988 -1.13814 -3.73944 4.26716 -12.9098 
2.09176 0.805873 -1.02726 -3.38448 4.37617 -13.1273 
2.12652 0.934234 -1.4551 -3.07122 4.247 -15.0343 
2.23486 0.905218 -0.665626 -3.83066 4.62456 -12.5085 
2.10177 0.956585 -1.30277 -3.9339 3.95283 -15.531 
2.1042 0.954829 -1.05536 -3.34609 4.22395 -15.7877 
2.07008 0.945483 -1.11126 -3.47864 3.51134 -15.8022 
2.07568 1.02431 -1.55825 -2.72247 4.63179 -17.6746 
2.05148 0.83279 -0.706137 -3.94808 4.02938 -14.6174 
2.13491 1.03423 -1.23416 -3.7649 3.63871 -17.4642 
2.03402 0.968739 -1.0758 -3.60595 4.22768 -16.8367 
2.10481 0.968917 -1.06015 -3.39946 3.68212 -17.0532 
1.96845 1.06544 -1.47943 -3.01574 3.87521 -18.4048 
1.97731 0.904761 -0.706343 -4.29732 3.91245 -15.6808 
1.98406 0.992848 -1.34537 -3.65699 3.66513 -17.9166 
1.9874 0.967875 -1.19131 -3.16193 3.4311 -17.5756 
2.04828 1.01031 -1.02053 -3.80365 3.39799 -17.4585 
2.00572 0.994642 -1.40796 -3.33413 2.63866 -19.0974 
1.94339 0.95178 -0.609222 -3.80331 3.15168 -15.9463 
1.94972 1.0026 -1.21141 -3.50647 3.22035 -18.3297 
1.948 1.03508 -1.0753 -3.31141 2.7404 -18.0009 
1.92094 1.16379 -0.957947 -3.54592 3.04443 -18.1127 
1.90144 1.10802 -1.36467 -2.45633 3.02734 -19.346 
1.99629 0.957605 -0.595769 -3.79399 2.3519 -16.9119 
1.94644 1.08021 -1.21054 -3.37419 3.03494 -18.4883 
1.94889 1.03601 -1.13448 -3.31236 2.73708 -18.4311 
1.96315 1.07003 -1.01815 -3.23483 3.19141 -18.0006 
1.93255 1.10705 -1.36587 -2.99721 2.63569 -19.3526 
1.92521 0.978218 -0.553462 -3.78054 3.08526 -16.6287 
1.94946 1.11714 -1.26742 -2.71306 2.65428 -18.5551 
1.96811 1.06528 -1.07727 -2.71875 2.63175 -18.4364 
1.93109 1.0603 -0.97855 -2.95534 2.60906 -18.026 
1.93524 1.22623 -1.3656 -1.66616 2.62508 -19.7914 
1.92464 0.99515 -0.499133 -3.81905 2.91445 -17.4559 
1.91413 1.07763 -1.19386 -3.2016 3.13252 -19.3794 
1.94944 1.06204 -1.10034 -3.10603 3.42181 -19.4535 
1.99813 1.01086 -1.04514 -3.94558 2.93309 -19.3201 
1.94939 1.20066 -1.4842 -2.57989 2.70301 -20.4328 
1.92568 1.0039 -0.540272 -3.69423 3.71095 -18.0916 
1.93114 1.1318 -1.1761 -2.80087 3.45603 -19.7404 
1.94858 1.09362 -1.13892 -3.12083 2.56072 -19.7637 
1.8777 1.06818 -1.01958 -3.36789 2.81346 -19.2105 
1.86682 1.19725 -1.34729 -1.95293 2.38679 -20.5547 
1.87435 1.02047 -0.574915 -3.55492 2.79566 -17.8979 
1.93219 1.1283 -1.15788 -2.71681 3.15275 -19.9705 
1.93067 1.12699 -1.0041 -2.74149 3.29195 -19.7773 
1.93266 1.08509 -1.02174 -2.74731 3.04123 -19.2595 
1.88512 1.11047 -1.32955 -2.46413 2.53248 -20.3264 
1.87842 1.01787 -0.499423 -2.93977 2.67835 -18.1286 
1.88288 1.10662 -1.09838 -2.50443 2.55653 -19.9304 
1.87964 1.13979 -1.03868 -2.61608 2.00896 -19.5918 
1.86176 1.05147 -0.94231 -3.24749 2.4369 -19.1619 
1.81541 1.14749 -1.38482 -2.34919 2.76743 -20.6247 
1.86028 1.01005 -0.575105 -3.18984 2.90002 -18.0414 
1.8155 1.06987 -1.15181 -2.48581 3.33922 -19.3996 
1.899 1.06935 -1.0039 -2.93876 1.85295 -19.9623 
1.74449 0.943842 -0.937404 -3.61231 1.711 -18.7609 
1.81534 1.21893 -1.36191 -1.85991 0.0632412 -20.3246 
1.70318 0.983633 -0.469748 -3.58152 0.860912 -17.3403 
1.74206 1.10107 -1.16496 -2.97698 1.12581 -19.0327 
1.71864 1.07662 -0.91842 -3.83668 2.25403 -19.5106 
1.78847 1.12077 -0.994237 -3.33763 1.93268 -18.8948 
1.79505 1.20872 -1.28664 -2.199 2.2682 -20.5178 
1.81869 1.06407 -0.515312 -3.73192 2.75526 -18.0782 
1.893 1.15556 -1.17506 -3.28227 2.20314 -20.0811 
1.94264 1.27534 -1.02101 -2.472 1.09469 -19.9801 
1.76985 1.08703 -0.975889 -3.86093 1.74164 -19.1309 
1.77588 1.2079 -1.34232 -2.596 1.26642 -20.3914 
1.77072 1.02547 -0.626618 -3.58276 2.13673 -17.6352 
1.87496 1.14174 -1.15421 -3.45655 2.00459 -19.8003 
1.87798 1.20005 -0.998473 -2.26312 2.13011 -19.3784 
1.80927 1.07779 -0.957082 -3.06833 2.50265 -18.7294 
1.81253 1.19549 -1.28616 -2.25949 1.79252 -20.2291 
1.7859 1.06903 -0.566763 -3.41403 1.47905 -17.1451 
1.75786 1.07393 -1.14612 -3.35319 1.26918 -18.8096 
1.74145 1.09253 -0.991034 -2.9168 0.590446 -18.6362 
1.68569 1.01789 -0.872584 -3.87907 0.743041 -17.937 
1.62752 1.03697 -1.2762 -2.76834 0.568439 -19.1177 
1.7041 0.967585 -0.467713 -3.44958 1.22332 -16.74 
1.77928 1.00105 -1.14675 -3.33352 0.793895 -18.5131 
1.74341 1.01686 -0.99008 -3.13501 0.95708 -18.0333 
1.74534 0.933245 -0.894402 -3.40665 0.724193 -17.6837 
1.68058 1.11007 -1.25718 -1.91401 0.487035 -18.9604 
1.70772 0.940841 -0.543779 -3.25046 0.414766 -16.5905 
1.67467 1.03404 -1.16156 -3.23361 0.999121 -18.6077 
1.69274 0.950014 -0.914559 -3.62908 -0.115671 -18.6002 
1.6762 0.893879 -0.991519 -3.97243 1.21141 -18.4833 
1.6624 1.06336 -1.27875 -2.53148 0.908021 -19.4688 
1.67122 0.964145 -0.506471 -3.36308 1.12752 -17.1835 
1.69265 1.04218 -1.18325 -3.19511 0.64887 -19.1229 
1.64145 1.02362 -1.04645 -3.08506 0.490013 -18.869 
1.67667 1.00486 -0.91468 -3.00793 0.53877 -18.9562 
1.69774 1.1405 -1.24373 -1.89089 0.453932 -20.288 
1.73913 1.01036 -0.568752 -3.33374 1.0682 -17.896 
1.79506 1.10021 -1.15239 -2.93058 1.61402 -20.0412 
1.7977 1.10273 -1.11241 -2.37558 1.91667 -19.5938 
1.82705 1.1058 -0.979024 -2.91802 2.15218 -19.3926 
1.78175 1.17623 -1.30657 -1.95778 2.12714 -20.7357 
1.8435 0.988621 -0.556904 -3.41398 1.97146 -18.4392 
1.84384 1.13452 -1.19292 -3.1688 1.53917 -20.2494 
1.76011 1.0684 -1.01603 -3.10352 0.983193 -19.7221 
1.76097 1.05384 -0.919436 -2.88268 1.66437 -19.3534 
1.71391 1.16128 -1.30197 -1.89208 1.26083 -20.3296 
1.77202 1.03364 -0.531178 -3.31578 1.16559 -17.8213 
1.77682 1.10625 -1.1318 -2.99305 1.41526 -19.9084 
1.74437 1.05802 -1.01528 -2.94625 1.08768 -19.6475 
1.69131 1.00321 -0.897117 -3.3664 1.23623 -19.091 
1.66153 1.1834 -1.22393 -1.76715 1.09834 -20.5838 
1.68862 0.956457 -0.510707 -3.54703 1.21331 -17.9878 
1.76346 1.09555 -1.15016 -2.51078 1.45329 -19.8274 
1.7288 0.989893 -1.01564 -3.23975 1.3812 -19.5676 
1.77987 1.06296 -0.881063 -2.5062 1.49663 -19.2095 
1.74809 1.2019 -1.30375 -1.66449 1.04781 -20.6215 
1.73968 0.991386 -0.512131 -3.35212 1.26001 -17.9747 
1.74269 1.12335 -1.12983 -2.77721 1.44104 -19.8425 
1.72882 1.02675 -0.958801 -2.92925 1.20288 -19.8778 
1.79383 1.08513 -1.03474 -3.09227 0.336473 -19.4315 
1.74697 1.13565 -1.24739 -2.37197 0.510268 -20.6465 
1.74134 0.948146 -0.494315 -3.49905 0.958954 -18.1295 
1.72552 1.0896 -1.1115 -3.08535 1.24809 -20.076 
1.67912 1.01586 -1.05138 -2.7503 1.38408 -19.5702 
1.70947 1.071 -0.916807 -2.75525 0.878048 -19.3853 
1.66014 1.19894 -1.26046 -1.86517 0.601584 -20.2962 
1.68909 1.01131 -0.453176 -3.01673 0.848177 -18.228 
1.72587 1.14457 -1.16673 -2.62739 0.682653 -19.8573 
1.67308 1.10834 -1.0106 -2.83963 0.77336 -19.4564 
1.67386 1.06418 -0.933605 -2.9856 0.475625 -19.181 
1.66289 1.14969 -1.2635 -2.04538 -0.311023 -20.9023 
1.56297 0.982326 -0.503744 -4.08879 -0.0641759 -17.764 
1.62311 1.10345 -1.14418 -2.93778 -0.451521 -19.9869 
1.61817 1.11886 -0.951446 -3.29204 -0.551022 -19.7394 
1.61535 1.10528 -0.913064 -3.71026 0.130785 -19.5879 
1.68855 1.24999 -1.26321 -2.53607 -0.520482 -20.9893 
1.66472 1.03633 -0.490071 -3.92878 0.467062 -18.2478 
1.70072 1.18757 -1.20385 -3.54215 0.118434 -20.0306 
1.70277 1.14526 -1.01043 -3.25671 0.194802 -19.323 
1.68514 1.09479 -0.913627 -3.55651 0.435713 -18.9712 
1.48681 1.14699 -1.26886 -2.21229 0.859763 -19.1528 
1.7186 1.07013 -0.564212 -3.26511 0.248412 -17.3367 
1.72113 1.16324 -1.12595 -3.0429 0.625171 -19.3586 
1.75566 1.13286 -1.06954 -3.13399 1.33821 -19.0481 
1.85819 1.1427 -0.978866 -3.11995 1.57171 -19.2565 
1.79124 1.28322 -1.24565 -2.07046 1.83867 -20.2479 
1.80285 1.04335 -0.571692 -3.81777 1.75165 -18.0193 
1.7751 1.14791 -1.13048 -2.85534 1.59606 -19.7602 
1.65645 1.06709 -1.04676 -2.96693 1.66951 -18.841 
1.70431 1.09254 -0.933375 -3.25763 0.998463 -18.8724 
1.6949 1.09889 -1.24408 -2.66671 0.277089 -20.2234 
1.6526 0.930402 -0.488123 -3.88638 0.936481 -17.4196 
1.75981 1.10514 -1.20567 -3.05769 0.345229 -19.5549 
1.70755 1.07331 -1.01049 -3.03805 0.9271 -18.9273 
1.72637 1.01302 -1.05044 -3.29526 1.61625 -18.8221 
1.6756 1.175 -1.27803 -2.20825 0.981898 -19.6186 
1.63317 0.965477 -0.485181 -3.78531 1.58958 -16.9705 
1.72359 1.0891 -1.14598 -3.26658 1.11566 -19.1907 
1.67026 1.14602 -1.02461 -2.79174 0.516652 -18.4322 
1.66848 1.08573 -0.949247 -3.48063 0.594246 -18.4474 
1.65638 1.21581 -1.33334 -2.25973 0.160789 -19.5621 
1.68257 1.03013 -0.524217 -3.71238 0.590516 -17.0522 
1.70607 1.13171 -1.08672 -2.90135 0.672237 -19.1436 
1.72342 1.13767 -1.01007 -2.75846 0.265881 -19.0154 
1.66666 1.06707 -0.873506 -3.82401 0.852514 -18.5325 
1.64346 1.12991 -1.20071 -2.15037 0.896633 -19.5654 
1.68568 0.972931 -0.489004 -3.75207 0.906479 -17.488 
1.72471 1.12813 -1.07009 -2.73623 1.18286 -19.4966 
1.68679 1.10111 -0.99016 -3.30448 0.91485 -18.9425 
1.73825 1.11334 -0.933048 -3.12717 0.782072 -18.5748 
1.62335 1.15584 -1.17942 -2.30883 0.697782 -19.3625 
1.63401 0.95258 -0.465866 -3.83624 0.366222 -17.0015 
1.65622 1.129 -1.08385 -2.67058 -0.11579 -19.0248 
1.56663 1.05475 -1.00144 -3.5104 0.303322 -18.0986 
1.68705 1.08761 -0.891645 -3.2418 -0.244353 -18.3236 
1.64086 1.12308 -1.27605 -2.6927 0.0937307 -19.3537 
1.7198 1.00608 -0.487885 -3.53025 -0.0473172 -17.134 
1.79358 1.14048 -1.18548 -2.83118 -0.361131 -19.1992 
1.67305 1.08262 -1.02565 -2.94064 0.151262 -18.4351 
1.58225 0.984982 -0.926576 -4.25322 0.274727 -18.0377 
1.58649 1.28157 -1.25152 -1.74113 -0.455612 -19.3164 
1.65021 0.98096 -0.465922 -3.77372 0.0749222 -17.0061 
1.72261 1.0946 -1.22054 -3.5024 -0.426566 -18.9199 
1.65491 1.08197 -1.00594 -2.96603 1.2405 -18.3452 
1.75782 1.06727 -0.972239 -3.17849 0.916713 -18.4077 
1.70953 1.17777 -1.28025 -2.31227 0.955908 -19.8325 
1.8229 1.02697 -0.53205 -3.45903 1.02982 -17.5176 
1.7738 1.16379 -1.14606 -2.83335 1.15834 -19.0322 
1.67138 0.954133 -1.0696 -4.38136 1.14877 -19.1436 
1.67136 1.03492 -0.988699 -3.46876 1.38767 -18.4156 
1.74279 1.17958 -1.22422 -2.42269 0.935034 -19.837 
1.73744 1.03377 -0.585384 -3.29129 1.36768 -17.3725 
1.77511 1.10572 -1.1672 -3.18162 1.28463 -19.2439 
1.72468 1.10958 -0.989739 -2.61256 1.42833 -18.4726 
1.75489 1.04643 -0.915553 -3.74171 0.929459 -18.4971 
1.67502 1.14693 -1.20122 -2.47146 0.318166 -19.502 
1.71974 1.03196 -0.466369 -3.16264 0.560311 -16.6073 
1.70535 1.09206 -1.20081 -3.42717 0.477864 -18.8328 
1.68767 1.05704 -1.02685 -3.53014 0.418608 -18.4289 
1.68681 1.03683 -0.930145 -3.65289 0.551111 -18.0764 
1.62087 1.1329 -1.2555 -2.95642 0.264586 -19.2154 
1.66735 0.933622 -0.466864 -4.15925 0.155759 -16.852 
1.75744 1.09449 -1.04802 -3.19531 -0.441036 -18.5004 
1.63902 1.01037 -0.814201 -3.26035 -0.406017 -18.274 
1.72294 1.07083 -0.873602 -3.12983 -0.21121 -18.1672 
1.60529 1.14838 -1.23416 -2.43889 0.978494 -18.8348 
1.66831 0.901114 -0.486505 -4.25258 0.828832 -16.7566 
1.70454 1.11665 -1.14199 -3.18597 1.03157 -18.5371 
1.68757 1.02393 -1.08468 -3.83409 0.966423 -18.3313 
1.75643 1.08997 -0.913377 -3.05182 1.28752 -18.1175 
1.70767 1.11943 -1.20214 -2.86458 1.21101 -19.18 
1.73653 0.955847 -0.488853 -3.85745 1.68742 -16.7938 
1.79007 1.10542 -1.18509 -3.39898 2.03243 -18.7061 
1.79283 1.1187 -1.12518 -2.76184 1.47741 -18.2088 
1.73754 1.06794 -0.989813 -3.50778 2.06371 -18.0921 
1.79683 1.1587 -1.22403 -2.11167 1.34445 -19.1456 
1.78921 0.98609 -0.547519 -3.56208 1.17471 -16.7803 
1.75876 1.05378 -1.16405 -3.34782 1.20306 -18.437 
1.75988 1.05089 -0.990235 -2.94406 1.21637 -18.0244 
1.74145 1.07782 -1.02537 -2.86626 1.0069 -17.5867 
1.76332 1.18912 -1.2786 -1.79073 0.625911 -19.012 
1.75233 0.981761 -0.526143 -3.89758 1.08426 -16.5782 
1.79185 1.13235 -1.27907 -3.08346 0.606424 -18.5716 
1.72689 1.0146 -0.952182 -2.96181 1.92593 -18.168 
1.75567 1.09605 -1.00714 -3.10556 1.70236 -17.6487 
1.69461 1.10598 -1.27593 -2.36778 0.870844 -18.6542 
1.66362 0.944483 -0.617059 -4.6083 0.93342 -16.1482 
1.72498 1.08571 -1.12313 -2.93063 0.801496 -18.3142 
1.65271 1.03568 -0.946129 -3.5323 0.695571 -17.6352 
1.65367 1.03413 -0.925159 -3.31167 0.569806 -17.1975 
1.62607 1.10834 -1.19513 -2.21322 -0.109032 -18.414 
1.66952 0.951374 -0.48251 -3.59242 -0.102894 -16.1133 
1.65592 1.01461 -1.13875 -3.52163 0.246396 -17.8989 
1.58531 1.00776 -0.981446 -3.56077 0.441285 -17.5014 
1.6372 1.0001 -0.925004 -3.50262 0.310514 -17.2064 
1.60875 1.03073 -1.08069 -2.77718 -0.535176 -18.3758 
1.63166 0.971959 -0.499676 -3.8983 0.231784 -16.0434 
1.67431 1.04736 -1.1007 -3.01943 0.446138 -17.895 
1.62119 1.07457 -0.941709 -2.63776 0.894818 -17.0443 
1.67381 0.985851 -0.984344 -3.37502 0.458803 -17.2529 
1.65968 1.13824 -1.21498 -2.05308 0.532033 -18.3143 
1.70119 0.965804 -0.463956 -3.74987 1.03517 -15.8649 
1.70645 1.03939 -1.1219 -3.41339 1.27794 -17.9407 
1.7422 0.978749 -1.00775 -3.55723 1.07789 -17.5126 
1.73895 1.08439 -0.96815 -3.06735 1.75113 -17.5844 
1.7465 1.1487 -1.14285 -1.73021 1.90858 -18.4199 
1.80456 0.941971 -0.584854 -4.12964 1.4944 -16.1742 
1.811 1.07422 -1.18349 -3.0191 1.73423 -18.0379 
1.82745 1.07823 -0.992189 -2.90371 1.34169 -17.9325 
1.81053 0.984268 -0.894809 -3.44104 1.21533 -17.2928 
1.71374 1.08005 -1.17981 -2.10024 1.26103 -18.2121 
1.7369 0.929513 -0.542094 -3.95393 0.938151 -15.7676 
1.76 1.01161 -1.19985 -3.4516 0.887915 -17.6973 
1.70688 0.998693 -0.946674 -3.32654 1.47469 -17.0084 
1.73731 0.982822 -0.872213 -3.98175 1.70709 -17.0893 
1.74963 1.09931 -1.27591 -1.85822 0.727539 -18.1218 
1.75667 0.926884 -0.466329 -3.45819 1.63307 -15.6824 
1.7958 0.978741 -1.18161 -3.43753 1.28897 -17.3847 
1.72619 1.06717 -1.04187 -2.58445 1.04326 -17.0668 
1.7276 0.986331 -0.889854 -2.86329 1.18677 -16.9412 
1.67914 1.06917 -1.21473 -2.22731 0.424567 -17.7915 
1.73852 1.04247 -0.4616 -2.63035 0.439318 -15.3493 
1.60743 0.974053 -1.19187 -3.20601 1.46978 -17.055 
1.71184 0.964682 -1.00445 -3.05727 -0.0048418 -17.0971 
1.67277 0.967253 -0.905838 -3.4812 0.709776 -16.673 
1.67954 1.08558 -1.1949 -2.01673 0.11749 -17.7281 
1.72489 0.929588 -0.539628 -3.16703 0.114802 -15.4133 
1.71146 0.991223 -1.17767 -3.1128 0.345623 -17.4262 
1.65966 1.03454 -1.01796 -2.41072 0.422681 -16.5083 
1.71068 0.94825 -0.907802 -3.16611 0.495361 -16.7364 
1.66195 1.05879 -1.21396 -2.28519 0.530968 -17.7196 
1.63726 0.880802 -0.45944 -3.56614 1.08597 -15.0604 
1.73124 0.904994 -1.1236 -3.42808 0.620152 -17.6417 
1.69013 0.955932 -1.02185 -3.74405 0.225774 -16.8057 
1.69114 0.959045 -0.944579 -3.41608 0.659305 -16.5867 
1.67867 1.08849 -1.2504 -2.08891 0.2918 -17.2724 
1.7209 0.935611 -0.518742 -3.56405 0.730181 -14.9672 
1.79716 0.993612 -1.14082 -3.00632 0.856129 -16.8835 
1.77326 1.21962 -1.03554 -1.75969 0.887856 -15.7396 
1.81305 0.943697 -0.948832 -3.3131 1.01674 -16.3232 
1.73776 0.989048 -1.31025 -1.81049 0.698498 -16.8553 
1.82817 0.851831 -0.542455 -3.64473 1.31659 -14.62 
1.83171 0.984096 -1.14106 -2.9645 1.56025 -16.4889 
1.79961 0.920748 -1.08169 -3.00187 1.59366 -16.0604 
1.86281 1.0045 -0.929654 -2.97308 1.67478 -16.0068 
1.80191 1.06238 -1.27459 -1.85292 1.50499 -17.0561 
1.82729 0.900003 -0.485803 -3.2925 2.24137 -14.9057 
1.83178 0.979666 -1.23751 -3.00977 2.89897 -16.5128 
1.83194 0.952127 -1.00789 -2.97533 2.55721 -16.4158 
1.84992 0.905414 -0.969719 -3.14289 2.76151 -16.0431 
1.83604 1.05245 -1.18116 -1.84407 2.34678 -17.1193 
1.80988 0.872629 -0.542134 -3.54908 2.52588 -14.6716 
1.84788 0.995712 -1.06451 -2.90833 1.7064 -16.3499 
1.85139 0.999418 -0.949062 -2.15458 2.26327 -16.1304 
1.78066 0.901481 -0.984397 -3.14079 2.93567 -15.6114 
1.81883 1.0753 -1.23534 -1.67034 1.70506 -16.686 
1.81356 0.828447 -0.465164 -3.26475 2.22431 -14.3909 
1.83404 0.969275 -1.17912 -2.7282 1.98196 -16.3198 
1.76531 0.90034 -1.05921 -2.99763 1.86551 -15.476 
1.74932 0.882043 -0.962815 -2.88645 1.36868 -15.434 
1.6468 1.01629 -1.21005 -2.08654 1.36398 -16.6676 
1.7279 0.825846 -0.517411 -3.23199 1.64209 -14.0467 
1.72926 0.934469 -1.1166 -3.11514 1.52388 -16.0018 
1.78375 0.924474 -0.850017 -2.4573 1.53527 -15.738 
1.78326 0.94196 -1.0012 -2.52782 1.02469 -15.4276 
1.71276 1.02213 -1.07799 -2.29535 1.56788 -16.4542 
1.75856 0.910316 -0.498799 -3.07717 1.85922 -14.1915 
1.76204 0.956582 -1.27095 -3.39765 1.17391 -16.1234 
1.71428 0.959422 -1.03712 -2.41938 1.32249 -15.579 
1.70707 0.918088 -0.902789 -3.64097 1.40894 -15.32 
1.64641 0.957695 -1.2666 -2.6234 1.35963 -16.2147 
1.7763 0.911569 -0.480309 -3.05631 0.897154 -14.2862 
1.79657 1.01203 -1.23379 -2.96871 0.533559 -16.3584 
1.72899 0.889702 -1.07779 -3.47174 1.10089 -15.7242 
1.73977 0.960968 -1.00011 -3.71088 1.24856 -15.5956 
1.71333 0.999822 -1.23144 -2.61154 1.06311 -16.5101 
1.77475 0.891392 -0.500057 -3.49594 0.838446 -14.3605 
1.72811 0.956894 -1.1933 -3.19551 1.63894 -16.1346 
1.69572 0.909263 -0.921209 -2.82902 1.62794 -15.231 
1.69198 0.888817 -0.95911 -3.58176 1.50673 -15.086 
1.66431 0.927654 -1.19135 -2.70493 1.32498 -16.2239 
1.75689 0.82393 -0.460348 -3.99443 1.25747 -13.8465 
1.78144 0.932211 -1.1949 -3.12825 1.68615 -15.8956 
1.72869 0.937961 -1.01744 -2.87496 2.01658 -15.1242 
1.79775 0.879432 -0.945556 -3.34814 1.66887 -15.3493 
1.74815 1.00888 -1.19372 -2.36181 1.70938 -16.2712 
1.76072 0.853892 -0.5363 -3.17902 2.09847 -13.7317 
1.80046 0.925211 -1.15725 -2.85703 1.88812 -15.8163 
1.78006 0.962766 -0.943215 -2.73818 1.21632 -15.3661 
1.7638 0.912967 -0.922844 -2.91439 1.38578 -14.9992 
1.73376 1.00927 -1.17213 -1.8999 0.95249 -15.9232 
1.79498 0.847552 -0.51834 -3.31272 1.21502 -13.7476 
1.81741 0.95489 -1.19462 -2.6681 1.65074 -15.5899 
1.73451 0.875446 -0.961213 -2.49277 1.83716 -15.1278 
1.74794 0.865634 -0.86524 -2.98794 1.86709 -14.8525 
1.70308 0.951249 -1.13289 -1.70634 1.47375 -15.6982 
1.74515 0.71637 -0.441123 -3.97594 1.61021 -13.4664 
1.80373 0.843502 -1.17809 -3.11587 1.645 -15.8855 
1.7187 0.829696 -0.922739 -2.55711 2.43874 -14.9746 
1.82075 0.910896 -0.868394 -2.09704 1.80344 -15.1243 
1.6709 0.755966 -1.21478 -3.19476 2.00647 -16.4116 
1.73103 0.787716 -0.535126 -3.00875 1.75715 -13.5181 
1.78452 0.852364 -1.09929 -3.17083 1.81905 -15.5352 
1.68318 0.821939 -0.997754 -2.89559 1.84831 -14.9852 
1.69883 0.833255 -0.940287 -2.94473 1.93183 -14.845 
1.49636 0.885711 -1.16177 -2.05363 2.62097 -15.053 
1.71311 0.756763 -0.459525 -3.31673 1.93881 -13.7548 
1.73295 0.917499 -1.17188 -2.65367 1.69266 -15.3901 
1.71551 0.86317 -0.961326 -2.88769 1.76438 -15.2847 
1.73139 0.892504 -0.902239 -2.70969 1.65929 -14.8538 
1.6906 0.938404 -1.28587 -1.32314 1.06942 -15.8222 
1.74702 0.778801 -0.499273 -3.29706 1.78364 -13.8911 
1.68147 0.832374 -1.17169 -3.27154 2.57039 -15.3815 
1.81633 0.954802 -0.96353 -2.47933 2.04058 -15.1831 
1.82188 0.873709 -0.945263 -2.30505 1.91901 -15.0311 
1.69958 0.958806 -1.13298 -2.10884 2.21298 -15.6872 
1.71237 0.859924 -0.457181 -2.4992 2.29636 -13.601 
1.75197 0.85027 -1.17351 -2.94322 1.77359 -15.3061 
1.66436 0.812152 -0.959706 -3.18051 2.08559 -15.1415 
1.71493 0.862566 -0.882126 -2.77408 1.82854 -14.6349 
1.68339 1.00051 -1.13103 -1.62923 1.57784 -15.6314 
1.69575 0.808219 -0.4377 -2.79728 2.28471 -13.4603 
1.75079 0.912065 -1.15428 -2.59574 2.01859 -15.5278 
1.69983 0.858462 -0.959749 -2.59464 2.41766 -14.9757 
1.78167 0.945411 -0.903883 -2.5175 1.52289 -14.9942 
1.66606 0.988199 -1.13208 -1.81635 1.50494 -16.0064 
1.69537 0.821495 -0.496075 -2.92203 1.5459 -13.8367 
1.71754 0.946088 -1.09801 -2.20325 1.87164 -16.2864 
1.64776 0.879626 -0.940856 -2.58519 2.06896 -15.6656 
1.73192 0.950732 -0.867569 -2.30019 1.6064 -15.9678 
1.57891 0.972893 -1.20698 -2.21746 1.60478 -16.3825 
1.67707 0.851121 -0.477648 -2.87348 1.71821 -14.2853 
1.69823 0.933488 -1.11814 -2.71083 1.73802 -16.6629 
1.66601 0.906345 -0.924575 -2.33878 1.66087 -16.3364 
1.66222 0.905432 -0.865368 -2.76814 1.66802 -15.9115 
1.63195 1.00074 -1.05826 -1.77475 1.24344 -17.0677 
1.6435 0.825871 -0.401493 -2.92628 1.63644 -14.6036 
1.6643 0.926631 -1.13588 -2.73338 1.33548 -16.6768 
1.7506 0.99463 -1.02158 -2.01446 0.623183 -16.3245 
1.68351 0.873838 -0.886564 -2.52296 1.31436 -16.1253 
1.64895 1.032 -1.11475 -1.5766 1.12633 -16.8348 
1.6421 0.827461 -0.420609 -3.13222 1.75862 -14.5997 
1.70045 0.910385 -1.08241 -2.64797 1.50118 -17.1876 
1.61128 0.893504 -0.903387 -2.84014 1.86343 -16.2803 
1.68033 0.954616 -0.92395 -2.37225 1.36947 -16.2709 
1.59694 1.10205 -1.11379 -1.07665 1.62736 -17.3537 
1.64394 0.829919 -0.383389 -2.81442 2.06857 -14.8173 
1.76917 0.977526 -1.19859 -2.24852 1.42565 -17.151 
1.69892 0.936533 -0.926249 -2.29583 2.36827 -16.4613 
1.75183 0.944659 -0.889108 -2.02992 1.80504 -16.3187 
1.7007 1.0486 -1.1369 -1.49899 1.29709 -17.1087 
1.64599 0.848558 -0.460055 -2.47838 1.81209 -14.953 
1.68321 0.938561 -1.15671 -2.45847 1.34922 -16.9604 
1.56248 0.814144 -0.959616 -3.16556 1.25953 -16.2176 
1.59865 0.846906 -0.862998 -2.53171 0.435984 -15.8745 
1.51066 0.970454 -1.07064 -2.10525 0.267706 -16.6034 
1.5243 0.789617 -0.432899 -3.06023 0.0436625 -14.1464 
1.52783 0.900767 -1.10949 -2.71261 0.0386892 -16.3018 
1.49434 0.873047 -0.953181 -2.54383 -0.165522 -15.7522 
1.50781 0.863795 -0.820863 -3.05823 -0.00483031 -15.9233 
1.45756 0.952927 -1.1067 -2.50615 -0.0891514 -16.5469 
1.51983 0.808824 -0.356696 -3.50231 0.118735 -14.3149 
1.66309 0.987269 -1.13473 -2.55609 -0.50554 -16.8709 
1.55896 0.937929 -0.974692 -2.71484 -0.284235 -15.9634 
1.52096 0.914654 -0.895755 -3.27654 -0.182747 -15.6218 
1.49145 1.0453 -1.00991 -1.74465 -0.913209 -16.4298 
1.41783 0.790116 -0.293475 -3.35368 -0.712882 -13.9271 
1.41891 0.916202 -1.04478 -3.3147 -1.33987 -15.7926 
1.38849 0.883789 -0.945726 -2.8303 -2.10541 -15.2399 
1.36789 0.91126 -0.828029 -2.88516 -1.98908 -14.8271 
1.34003 0.964883 -0.905773 -1.71259 -2.40325 -15.7047 
1.33089 0.799863 -0.344916 -3.44472 -2.0306 -13.5291 
1.38894 0.84335 -0.988028 -3.3013 -2.22128 -16.0454 
1.31685 0.876075 -0.961241 -3.27976 -2.29333 -15.0424 
1.35238 0.820324 -0.774467 -3.44815 -1.86416 -15.499 
1.33457 0.988912 -1.00156 -2.4292 -2.16218 -15.8389 
1.38079 0.817081 -0.328855 -3.5868 -1.73074 -13.8106 
1.55849 0.977728 -1.03336 -2.7722 -2.30946 -16.6657 
1.41783 0.969174 -0.86981 -2.78985 -1.69657 -15.3933 
1.40061 0.877709 -0.851654 -3.54142 -1.70228 -15.4006 
1.37028 1.01183 -0.984963 -2.10094 -2.12767 -16.1993 
1.3478 0.833849 -0.346925 -3.26847 -1.76772 -13.9617 
1.36746 0.938013 -0.985845 -3.07993 -1.5669 -16.0431 
1.35143 0.940272 -0.847813 -2.61692 -1.94586 -15.2682 
1.29993 0.848235 -0.808369 -3.25978 -1.67814 -15.06 
1.30131 0.946966 -0.963412 -2.57539 -2.00322 -15.9961 
1.32834 0.884105 -0.401469 -3.17026 -1.67233 -13.6628 
1.37043 0.934251 -0.984883 -2.65618 -1.94022 -15.8252 
1.33074 0.947303 -0.884514 -3.09594 -2.1477 -15.1293 
1.31708 0.861126 -0.770045 -3.08454 -1.47627 -14.9107 
1.35644 0.963295 -1.00284 -1.94293 -1.90441 -15.8195 
1.39978 0.815411 -0.311331 -3.2998 -1.03903 -13.9374 
1.47249 0.971561 -1.00921 -2.58955 -1.16825 -16.1479 
1.45073 0.935039 -0.930706 -3.43423 -1.53873 -15.7411 
1.43337 0.946359 -0.814693 -3.17139 -1.05473 -15.6084 
1.42108 1.05211 -1.00558 -1.88291 -1.59301 -16.1716 
1.41322 0.827437 -0.446729 -3.97254 -1.21434 -14.2142 
1.47213 0.952635 -1.06812 -2.91747 -1.16944 -16.4327 
1.55687 0.98651 -0.95616 -2.7461 -1.32151 -16.4383 
1.47047 0.851323 -0.837548 -3.63216 -0.955931 -15.7353 
1.43814 1.00442 -1.02747 -2.38846 -1.57122 -16.4579 
1.41609 0.823583 -0.332076 -3.46911 -1.38916 -14.2344 
1.30029 0.858032 -1.02144 -3.42339 -1.08335 -15.6696 
1.36802 0.86768 -0.831145 -3.36724 -2.34727 -15.4249 
1.35391 0.816569 -0.773492 -3.23955 -2.23557 -15.2837 
1.23585 0.921852 -0.940563 -2.16605 -1.88851 -15.6395 
1.31285 0.768002 -0.326606 -3.85349 -2.03874 -13.7598 
1.35491 0.920769 -1.06049 -2.60438 -2.27297 -15.7462 
1.34926 0.877517 -0.809681 -3.40846 -2.18012 -15.0632 
1.35357 0.897028 -0.712612 -2.4396 -2.0575 -14.7754 
1.30576 0.920847 -1.00037 -2.1583 -2.68831 -15.628 
1.28025 0.785441 -0.303712 -3.30249 -1.95584 -13.2508 
1.34038 0.869449 -1.13562 -2.66168 -2.42241 -15.3658 
1.38735 0.957273 -0.848364 -2.29255 -2.53007 -15.1969 
1.31885 0.821051 -0.790489 -3.21303 -1.53681 -15.0524 
1.30484 0.911303 -0.943893 -2.2495 -1.57629 -15.6877 
1.36572 0.824667 -0.328338 -3.21708 -1.81128 -13.8867 
1.34078 0.899175 -0.869547 -2.03019 -0.983853 -15.7499 
1.37063 0.928593 -0.8674 -2.46038 -2.3014 -15.1911 
1.31903 0.8766 -0.808452 -2.76695 -1.97328 -15.0594 
1.32128 0.973442 -0.963471 -1.98194 -2.48315 -15.9982 
1.3152 0.847193 -0.343988 -2.84403 -2.11335 -13.6806 
1.35339 0.941544 -1.00345 -2.60694 -2.08147 -15.9029 
1.24773 0.839826 -0.863689 -3.40849 -1.18126 -14.978 
1.35229 0.87841 -0.752417 -2.87737 -1.99415 -15.0639 
1.3235 0.898301 -0.927098 -2.22672 -1.98396 -16.0624 
1.35244 0.712672 -0.350002 -3.66033 -1.9442 -14.1775 
1.34964 0.883986 -1.23282 -3.86988 -2.28191 -15.65 
1.3535 0.783137 -0.851337 -3.65616 -1.74859 -15.4058 
1.36966 0.87528 -0.828515 -2.88708 -1.62108 -14.741 
1.39298 0.768829 -1.02994 -3.43719 -1.78996 -16.5361 
1.45227 0.826401 -0.331542 -3.12077 -1.42436 -13.7808 
1.40472 0.908974 -1.0823 -2.92384 -0.996773 -15.7023 
1.38682 0.873969 -0.907418 -3.01946 -1.05782 -15.0776 
1.38708 0.87271 -0.868269 -2.91602 -1.11725 -14.8645 
1.39021 0.931622 -0.909119 -2.16043 -1.2453 -15.74 
1.41911 0.805661 -0.329103 -3.01404 -1.21526 -13.4134 
1.3887 0.878988 -1.06404 -3.00293 -0.823943 -15.9249 
1.45866 0.91386 -0.892293 -2.37418 -1.60573 -15.5875 
1.47182 0.846357 -0.795572 -3.30543 -1.39035 -14.8654 
1.3377 0.996042 -0.907129 -1.78156 -1.29665 -16.0517 
1.42005 0.825191 -0.349393 -2.79973 -1.27823 -13.7785 
1.44138 0.96946 -1.08344 -2.14678 -1.21563 -15.9162 
1.37116 0.862909 -0.830248 -2.77063 -0.883796 -15.0155 
1.40766 0.801264 -0.777098 -3.04464 -1.26647 -15.4646 
1.47774 1.02045 -0.969802 -1.42503 -2.15606 -16.1693 
1.38619 0.787715 -0.386795 -3.01623 -0.82289 -13.6942 
1.37428 0.870762 -1.04516 -2.63317 -0.472141 -16.0668 
1.47775 0.828937 -0.875518 -2.77821 -1.27536 -15.5746 
1.43948 0.890521 -0.814036 -2.63232 -0.694054 -15.1456 
1.34038 0.922899 -0.983558 -1.98415 -0.814873 -15.6516 
1.42126 0.774404 -0.387906 -2.99566 -0.484677 -13.5285 
1.42592 0.942635 -0.986055 -1.8832 -0.612851 -15.4783 
1.42346 0.857462 -0.871208 -2.80952 -0.960256 -15.1431 
1.3909 0.832253 -0.793213 -2.63248 -1.04753 -15.0172 
1.35583 0.968022 -0.943759 -1.81355 -1.3505 -15.3757 
1.35079 0.778049 -0.345315 -3.15235 -1.405 -13.2834 
1.35899 0.791953 -1.00621 -2.96556 -1.15634 -15.7955 
1.28472 0.881358 -0.807282 -2.64247 -1.21009 -15.0499 
1.33605 0.848448 -0.733231 -2.9491 -1.82311 -15.0658 
1.26966 0.944821 -0.922095 -2.03825 -1.85568 -15.561 
1.33451 0.779266 -0.270118 -3.04936 -1.96109 -13.8298 
1.3371 0.897075 -1.00319 -2.76737 -1.42226 -15.7421 
1.37405 0.875818 -0.79221 -2.26085 -1.49606 -15.1795 
1.42339 0.935386 -0.850342 -2.13428 -1.08867 -15.0768 
1.32296 0.925469 -0.943805 -1.95521 -1.3187 -15.5281 
1.4411 0.83299 -0.273738 -2.11935 -1.50373 -13.8604 
1.37386 0.861383 -1.04315 -2.76081 -1.39402 -15.647 
1.39049 0.881825 -0.831096 -2.42749 -2.09542 -15.2574 
1.29842 0.829896 -0.71261 -3.49049 -1.35904 -14.9255 
1.32436 0.936803 -0.886624 -1.66979 -2.04932 -15.7012 
1.29919 0.765169 -0.325079 -3.23076 -1.20448 -13.4428 
1.38973 0.915885 -1.00536 -2.46257 -1.00777 -15.791 
1.37293 0.822833 -0.850691 -2.89912 -0.944328 -15.1573 
1.45599 0.939061 -0.795258 -2.35267 -0.922938 -15.2994 
1.39411 1.01397 -0.964774 -0.917381 -1.0813 -15.6451 
1.41957 0.769317 -0.351448 -3.35847 -0.902593 -13.9912 
1.40652 0.90985 -1.02595 -2.61525 -0.807092 -15.9264 
1.43881 0.884196 -0.854901 -2.99342 -1.36452 -15.8192 
1.41993 0.900294 -0.795338 -2.91073 -0.519612 -15.4488 
1.44485 0.99142 -0.950051 -1.29778 -0.777433 -16.0721 
1.47305 0.791568 -0.37371 -2.93727 -0.183153 -14.2489 
1.56592 0.980522 -1.14817 -1.5967 -0.311257 -16.4355 
1.45809 0.936506 -0.89175 -2.06825 0.59676 -15.3152 
1.52454 0.936706 -0.876057 -2.50722 0.056938 -15.5395 
1.4965 0.931707 -1.01127 -1.87885 -0.359792 -16.1851 
1.43593 0.870863 -0.329714 -2.4544 0.145 -13.5254 
1.51292 0.90393 -1.03156 -2.25789 -0.341797 -16.1778 
1.49302 0.887908 -0.913288 -2.55028 -0.59274 -15.4771 
1.45902 0.866801 -0.815323 -2.46182 -0.249561 -15.126 
1.49795 0.888491 -0.992528 -2.01843 -0.662644 -16.119 
1.52196 0.744465 -0.299474 -3.6576 -0.241538 -14.1085 
1.49425 0.898889 -1.0509 -2.51515 0.256276 -16.3146 
1.54613 0.919383 -0.894646 -2.04146 -0.854818 -15.25 
1.46101 0.886931 -0.797428 -2.03689 -0.187266 -15.4933 
1.4445 0.933381 -0.970248 -1.85387 -0.651031 -16.0656 
1.38557 0.774399 -0.33026 -3.12133 -0.0785749 -13.762 
1.49839 0.854404 -1.11042 -2.44521 -0.299251 -16.6777 
1.40838 0.84125 -0.815913 -2.52909 0.625617 -15.5589 
1.44167 0.863919 -0.816536 -2.5066 0.595827 -15.4793 
1.49808 0.975815 -0.972749 -1.20819 0.129032 -16.2518 
1.48839 0.888978 -0.373774 -2.38962 0.441407 -14.4552 
1.54671 0.857798 -1.1897 -2.98269 0.421151 -16.7867 
1.50946 0.927272 -0.933562 -2.34355 0.156308 -15.6743 
1.49393 0.860986 -0.81841 -2.42814 0.827638 -15.3856 
1.48124 0.924135 -0.952341 -1.49893 0.115596 -15.8903 
1.50333 0.857369 -0.279372 -2.91068 0.29033 -14.4761 
1.51421 0.947459 -1.1477 -1.89958 -0.171357 -16.6665 
1.56269 0.941611 -0.860175 -1.96844 0.274433 -15.9647 
1.56315 0.922287 -0.824499 -2.10684 0.407199 -16.4838 
1.59898 1.02408 -0.96267 -1.42116 0.118768 -17.6349 
1.55718 0.839855 -0.420356 -3.05204 0.824365 -15.527 
1.62978 1.01903 -1.15675 -2.21154 0.935459 -17.8725 
1.57677 0.942692 -0.905509 -2.67303 1.16247 -17.4126 
1.5945 0.984337 -0.84657 -2.19587 0.319857 -17.1434 
1.52963 1.0157 -1.01825 -1.66563 -0.194651 -17.8714 
1.52122 0.861067 -0.341958 -3.11875 -0.547499 -15.6595 
1.56617 0.978757 -1.13644 -1.87986 -0.415257 -18.2108 
1.52574 0.915357 -0.845903 -2.80424 0.0175736 -17.3887 
1.55938 1.01309 -0.768309 -2.01962 -0.318522 -17.257 
1.55108 0.929444 -0.965119 -1.77311 0.0797575 -18.305 
1.59108 0.917003 -0.385322 -2.62661 0.372191 -16.3488 
1.66435 1.05802 -1.14126 -2.00787 0.605767 -18.6125 
1.6993 1.05165 -1.00684 -1.82468 -0.0864677 -18.2017 
1.55987 0.92752 -0.84921 -2.77327 0.911668 -17.8017 
1.51065 1.01341 -0.982178 -1.93744 0.781619 -18.453 
1.62591 0.898598 -0.349988 -2.7537 0.290573 -16.6431 
1.61397 1.04515 -1.12011 -1.86377 0.802582 -18.5485 
1.55931 0.955667 -1.04063 -2.81224 1.3806 -17.9035 
1.57938 0.962191 -0.926739 -2.25092 1.09938 -17.9958 
1.56345 1.08777 -1.00231 -1.18655 0.759642 -18.5089 
1.59129 0.886013 -0.426858 -2.94792 1.17282 -16.9119 
1.70064 1.04242 -1.16515 -2.02138 0.703718 -19.3316 
1.57809 0.94255 -0.911068 -2.71713 1.17323 -18.7372 
1.64527 1.04057 -0.872927 -2.13918 0.499285 -18.5991 
1.56175 1.10606 -0.983424 -1.29911 0.641081 -18.6661 
1.58806 0.93902 -0.368337 -2.95511 0.626832 -16.942 
1.59597 1.05399 -1.15965 -2.03516 0.7871 -19.0639 
1.576 1.09277 -0.868297 -1.70287 0.365942 -18.4 
1.61123 0.974419 -0.871714 -2.61436 0.163715 -18.3935 
1.57718 1.05282 -1.11889 -2.22793 -0.0843078 -18.7304 
1.59201 0.919513 -0.463632 -2.61834 0.489131 -16.7725 
1.66499 1.02109 -1.20088 -2.34042 0.78947 -18.9646 
1.64415 1.06176 -0.909554 -2.10876 0.553119 -18.298 
1.67803 1.00271 -0.931909 -2.78277 0.285832 -18.5136 
1.61552 1.0211 -1.02613 -1.80731 0.570851 -18.8638 
1.64232 0.957239 -0.407791 -2.42328 0.910441 -16.7627 
1.66454 1.08034 -1.10428 -1.7934 0.917414 -18.9808 
1.64322 1.04505 -0.948469 -2.42464 0.797566 -18.3603 
1.67946 1.04617 -0.816041 -2.01319 0.842402 -18.3721 
1.64788 1.08728 -1.02641 -1.53993 0.906542 -18.8514 
1.65956 0.908971 -0.466949 -2.91694 0.803268 -16.8233 
1.66302 1.14125 -1.14143 -1.53935 0.970823 -18.9757 
1.64802 1.00587 -0.911649 -2.02204 0.923006 -18.5028 
1.66196 1.01538 -0.96875 -2.4879 0.628838 -18.3533 
1.63156 1.07502 -1.02562 -1.49719 0.828137 -18.7821 
1.62609 0.927021 -0.523241 -2.69471 0.823929 -16.9668 
1.64807 1.0725 -1.18091 -1.83567 1.13896 -19.1117 
1.67805 1.06678 -1.00732 -2.29513 0.577852 -18.4929 
1.64685 1.02548 -0.929146 -2.00084 0.856578 -18.2081 
1.58414 1.08381 -0.890176 -0.609408 1.40051 -18.8729 
1.67705 0.961859 -0.410974 -2.42012 1.06914 -17.192 
1.69789 1.04718 -1.22251 -2.42403 1.06834 -19.3173 
1.71603 0.972929 -0.954722 -2.55716 0.930878 -18.8477 
1.66414 0.985958 -0.912045 -2.26061 1.73724 -18.2596 
1.77012 1.10784 -1.03297 -1.24192 0.899438 -19.3336 
1.7477 0.948461 -0.356039 -2.19419 1.19975 -17.0309 
1.59596 0.968167 -1.1404 -2.55519 2.14049 -18.5184 
1.67926 0.992879 -0.893628 -2.54162 1.32959 -18.3461 
1.69139 0.98347 -1.00962 -3.55055 1.03614 -18.484 
1.68305 1.09416 -1.00776 -1.29489 1.30538 -18.614 
1.62327 0.92636 -0.446795 -3.03345 0.897299 -16.9846 
1.6813 1.07554 -1.16495 -2.05688 1.17931 -19.5501 
1.75136 1.03433 -0.89856 -1.89447 0.903744 -19.0702 
1.69596 1.00352 -0.877138 -2.60828 1.29132 -18.8634 
1.64777 1.05315 -1.02876 -1.87233 1.46485 -19.2067 
1.6416 0.982689 -0.410913 -2.42023 1.46812 -17.5621 
1.72237 1.03799 -1.32045 -1.61377 0.823991 -19.6559 
1.64578 0.992887 -0.952466 -2.55387 1.54066 -19.0011 
1.66415 1.0017 -0.933186 -2.2827 1.31028 -18.8562 
1.59678 1.04092 -0.968486 -1.72541 1.78705 -18.9268 
1.72762 0.997048 -0.395146 -2.34975 1.18397 -17.6242 
1.76571 1.11135 -1.16855 -2.08052 1.01713 -19.7564 
1.69438 1.02881 -1.01119 -2.77553 1.58428 -18.982 
1.74717 1.06021 -0.877931 -2.17968 1.51891 -18.7722 
1.6644 1.06574 -1.00953 -1.80241 1.6041 -19.0562 
1.69092 1.03534 -0.429797 -2.31865 1.2655 -17.2599 
1.73233 1.12975 -1.2039 -1.73828 1.09683 -19.4595 
1.67778 1.05128 -0.969856 -2.40492 1.07473 -18.5623 
1.699 1.06157 -0.856041 -1.61454 1.1593 -18.6438 
1.61519 0.990064 -0.952127 -2.03424 1.5664 -19.2235 
1.64129 0.93634 -0.352972 -2.78604 0.92486 -17.291 
1.64876 1.01096 -1.18288 -2.30769 0.962088 -19.3353 
1.59391 1.00942 -0.871565 -2.32018 0.820284 -18.604 
1.63069 0.967372 -0.835925 -2.35784 0.369263 -18.7558 
1.54615 1.01707 -0.927121 -1.72552 0.943516 -18.6703 
1.64411 0.95402 -0.371397 -2.24126 0.671587 -17.2146 
1.6341 1.02204 -1.2006 -1.80689 1.18292 -19.1788 
1.6286 1.01757 -0.891136 -2.17123 1.27675 -18.3591 
1.61231 0.969007 -0.910841 -2.45823 1.50743 -18.426 
1.61517 1.02329 -1.00707 -1.80262 0.818288 -18.8622 
1.60808 0.893925 -0.464856 -2.99269 0.754562 -16.7636 
1.64852 1.03026 -1.21948 -2.17665 0.831115 -19.0369 
1.59577 1.07313 -0.850553 -1.41316 1.24076 -18.3735 
1.61311 1.00491 -0.795763 -1.93896 1.33231 -18.5242 
1.62661 1.05537 -0.893453 -2.29198 1.09894 -19.1047 
1.62623 0.890609 -0.430968 -2.95211 1.33331 -17.562 
1.6507 1.01249 -1.20387 -2.09802 1.08402 -19.7677 
1.6286 1.0737 -0.871828 -1.73702 0.969252 -18.5917 
1.67934 1.06101 -0.894472 -2.13607 0.225645 -18.9627 
1.62151 1.03623 -1.0846 -0.956913 0.00727001 -19.2242 
1.62359 0.959445 -0.389896 -2.73685 0.351278 -17.303 
1.63077 1.09807 -1.1806 -1.68383 0.877239 -19.344 
1.66444 0.993833 -0.953082 -2.42317 0.514047 -19.0922 
1.68092 1.04489 -0.895216 -2.02618 0.593436 -19.0247 
1.59543 1.1744 -0.96557 -0.819238 1.22409 -18.8701 
1.62399 0.966006 -0.332704 -2.50763 1.09167 -17.2954 
1.66678 1.0781 -1.12522 -1.59763 0.67165 -19.4213 
1.63064 1.03519 -0.912328 -1.86364 1.03078 -18.9476 
1.64506 1.04341 -0.931206 -2.2334 0.678975 -18.8058 
1.53033 1.01044 -0.927359 -1.5617 1.4175 -18.8083 
1.67396 0.955288 -0.469065 -3.08699 0.334366 -17.4256 
1.67945 1.07616 -1.12674 -2.27657 1.3084 -19.5577 
1.61163 1.00717 -0.891299 -2.23646 1.38495 -18.5079 
1.64689 1.02604 -0.892801 -2.02007 0.987338 -18.6546 
1.59887 0.990721 -0.913275 -1.91203 0.879559 -19.3235 
1.62491 0.961604 -0.371767 -2.52436 0.598593 -17.5195 
1.64773 1.06424 -1.1062 -2.00177 0.478605 -19.5847 
1.59556 1.07187 -0.928789 -1.63395 0.991919 -18.8079 
1.60938 1.05736 -0.890971 -2.25116 0.466142 -18.7556 
1.5791 1.05767 -0.929817 -1.72044 0.734209 -19.1857 
1.60664 0.929767 -0.35253 -2.92578 0.588652 -17.5294 
1.5816 0.97974 -1.06809 -2.28961 0.66937 -19.8942 
1.59487 1.01952 -0.891693 -2.24821 -0.160971 -18.9908 
1.56092 0.999995 -0.812858 -2.15054 0.302471 -18.6332 
1.54477 1.04835 -0.984789 -1.84563 0.0198046 -18.9793 
1.5389 0.917983 -0.38619 -2.84164 -0.0371321 -17.1103 
1.65003 1.03431 -1.14492 -2.04358 -0.566769 -19.6716 
1.55897 1.01647 -0.908553 -2.46466 -0.195695 -18.7784 
1.49198 0.955993 -0.847966 -2.49207 0.418013 -18.3458 
1.54529 1.04865 -0.965697 -1.74032 0.0824338 -18.9804 
1.5415 0.92174 -0.386279 -2.39743 0.326737 -17.0968 
1.58092 1.01201 -1.06478 -2.06439 -0.0736282 -19.3235 
1.54435 0.954947 -0.967262 -2.62332 0.643299 -18.8943 
1.5783 1.13025 -0.772362 -0.959236 0.30917 -18.4891 
1.52618 1.09979 -0.963877 -1.54869 0.369418 -18.9083 
1.55881 0.91191 -0.40773 -2.57137 0.161506 -17.4612 
1.59436 1.14859 -1.10169 -1.48903 0.421661 -19.3821 
1.60901 1.0673 -1.15942 -2.67372 -0.969253 -19.1091 
1.61017 1.07214 -0.853871 -2.0645 0.0423894 -19.1402 
1.53039 1.03761 -1.005 -1.59322 0.0633343 -19.3425 
1.53749 0.961759 -0.368588 -2.72129 0.39648 -17.6227 
1.64519 1.07781 -1.14638 -2.45886 -0.191956 -20.1883 
1.62569 1.06118 -1.06631 -2.74672 -0.570072 -19.4827 
1.50961 1.00953 -0.869338 -2.09416 0.616135 -18.9227 
1.54386 1.06849 -0.966867 -1.85101 0.0859299 -19.3519 
1.57123 0.959214 -0.349762 -2.83374 -0.12106 -17.4098 
1.56029 1.08367 -1.14055 -2.07501 0.147313 -19.6103 
1.47391 0.986618 -0.88594 -2.42242 0.581623 -18.5623 
1.59608 1.03881 -0.928309 -1.90201 -0.293859 -18.6897 
1.56019 1.0988 -0.965108 -1.65926 -0.0260651 -18.9096 
1.57459 0.984362 -0.253707 -1.95896 0.555865 -17.3318 
1.56363 1.06479 -1.19672 -1.73542 0.134991 -19.2248 
1.52886 1.01338 -0.925466 -1.82048 -0.238079 -18.5554 
1.50949 0.969512 -0.887916 -2.4231 0.55393 -18.6255 
1.49492 1.05281 -0.886527 -1.39018 0.0993458 -18.8578 
1.57396 0.973729 -0.329929 -2.30739 -0.614858 -17.3464 
1.53073 1.05444 -1.19623 -1.67391 -0.57083 -19.4688 
1.52289 0.987806 -0.811364 -2.84167 -0.582291 -18.6697 
1.47203 1.01943 -0.847194 -2.43893 -0.026906 -18.6614 
1.47653 1.02006 -0.924581 -1.89238 -0.100397 -18.8618 
1.55626 0.926755 -0.36875 -2.80032 -0.262003 -17.4095 
1.56082 1.02374 -1.16072 -2.53047 0.088908 -19.6066 
1.52741 0.956234 -0.889286 -2.49829 0.0818351 -18.7784 
1.54552 0.966305 -0.909155 -2.33056 -0.0891109 -18.8466 
1.5305 0.978546 -0.852336 -1.85351 0.389652 -19.1414 
1.50952 0.884466 -0.29091 -2.21378 1.04129 -17.2492 
1.61218 1.1022 -1.16089 -1.86817 0.497381 -19.4373 
1.6113 1.05607 -0.852762 -1.93991 0.406593 -18.7605 
1.66273 1.02632 -0.81697 -2.22811 0.0340997 -18.7634 
1.5956 1.0833 -0.985287 -1.64338 0.0647116 -18.7455 
1.59113 0.9374 -0.350161 -2.54137 0.504532 -17.1641 
1.64761 1.12049 -1.19966 -1.6399 -0.0291968 -19.3584 
1.55812 1.04229 -0.889804 -2.33425 0.419229 -18.9166 
1.56144 0.97918 -0.871744 -2.37783 0.116468 -18.9207 
1.54362 1.09087 -0.928038 -1.62185 0.393989 -19.2786 
1.52224 0.849471 -0.40933 -3.485 0.202846 -17.915 
1.55832 1.08338 -1.15963 -2.39547 0.0865984 -19.6119 
1.62627 1.10017 -0.874873 -2.12199 -0.307953 -19.5852 
1.59425 1.01913 -0.797094 -2.27384 -0.0250936 -19.2278 
1.52726 1.01961 -1.00659 -2.25067 0.255771 -19.6385 
1.52165 0.93119 -0.387599 -2.7885 0.440344 -17.6197 
1.5775 1.09687 -1.20052 -2.1187 0.222395 -20.1097 
1.59271 1.05892 -0.912214 -2.35239 -0.220317 -19.5091 
1.60824 1.11664 -0.910836 -2.02102 0.402875 -19.1986 
1.5096 1.02753 -0.986029 -2.1986 0.239904 -19.5003 
1.576 0.98559 -0.293795 -1.8546 0.615171 -17.7631 
1.59971 1.00883 -1.26013 -2.19788 0.111696 -20.0871 
1.6244 1.10304 -0.932212 -2.42402 -0.128141 -19.5737 
1.59227 1.06204 -0.834929 -2.23958 0.215129 -19.2927 
1.56082 1.12108 -0.929985 -1.45949 0.289169 -19.7194 
1.58917 0.952848 -0.390381 -2.88393 0.016864 -17.7622 
1.64962 1.05702 -1.20346 -2.02599 -0.387291 -20.0263 
1.64741 1.05091 -0.876743 -1.98394 -0.41396 -19.6493 
1.5579 1.01792 -0.815831 -2.60561 0.128577 -19.4542 
