0.0267956 -0.115982 0.906535 -0.713645 -0.364541 2.54737 
-0.0394112 -0.0854537 0.38911 -0.716647 0.375024 1.61606 
-0.0597206 -0.11891 0.543035 -1.24806 0.441655 1.80037 
0.011767 -0.0799018 0.501795 -0.69621 -0.297847 1.51726 
-0.0026115 0.0615454 -0.115401 -0.0673638 -0.0106284 -0.426616 
-0.025261 -0.10672 0.831889 -0.75523 -0.1153 2.47971 
-0.0566991 -0.0819764 0.486153 -0.586925 0.060997 1.73358 
-0.0048956 -0.0297513 0.560916 -0.0880136 -0.00778257 1.58331 
-0.0222033 -0.0199215 0.582367 0.0859271 0.157449 1.94767 
0.0314246 0.038209 -0.154536 -0.399754 -0.715965 -0.280401 
0.00794107 -0.0843983 0.81032 -0.852746 -0.204132 2.11887 
0.0286886 -0.0278735 0.502333 -0.285466 -0.225369 1.59616 
0.0283899 -0.0673107 0.521027 -0.626289 -0.158606 1.6677 
-0.0416291 -0.0895621 0.485637 -0.956635 0.14153 1.80977 
-0.0339704 -0.0185462 -0.0958769 -0.212813 0.267114 -0.27859 
-0.0250289 -0.0454928 0.814753 -0.173364 -0.00296994 2.70707 
-0.0592525 -0.0378697 0.523788 -0.569073 0.55736 1.43815 
-0.0225124 -0.0804736 0.523083 -0.587502 -0.0244206 1.73281 
0.013346 -0.0820747 0.48364 -0.478394 -0.548992 1.73903 
0.0515715 0.127403 -0.0771687 0.864466 -0.764803 -0.286777 
0.00912143 -0.085964 0.830363 -0.639461 -0.328103 2.33577 
0.00996117 -0.0818005 0.500919 -1.03324 -0.477031 1.28844 
-0.0372817 -0.12972 0.579785 -0.567781 0.273881 1.65596 
-0.0398535 -0.0523894 0.56248 -0.318312 0.0221288 1.72185 
0.0326026 0.0397163 -0.0590606 -0.0883499 -0.400904 -0.288623 
-0.00944774 -0.0609692 0.793414 -0.690893 -0.716878 2.32651 
-0.0393833 -0.0676183 0.618113 -0.33014 0.583431 1.4305 
-0.0241414 -0.0798829 0.560368 -0.814536 0.106461 1.50452 
-0.0075184 -0.0672918 0.579599 -0.744616 0.245702 1.65497 
-0.000456851 0.0180459 -0.114838 -0.0897461 -0.379818 -0.136057 
-0.111626 -0.179117 0.795924 -1.38179 0.29525 2.54826 
-0.00366757 -0.0266619 0.637261 0.232608 0.427542 1.5816 
-0.00677101 -0.0700884 0.522333 -0.744772 -0.128907 1.6582 
-0.0433976 -0.0293942 0.639534 -0.523987 0.461192 1.78495 
-0.0198422 0.0707003 -0.0175302 0.19814 0.224143 -0.0747608 
-0.0605259 -0.106565 0.661225 -1.04762 -0.104417 2.50173 
0.0110353 -0.0773611 0.424424 -0.895747 -0.180786 1.31175 
-0.0215642 -0.100058 0.541506 -0.601355 0.0402146 1.65896 
-0.0400097 -0.0479665 0.485071 -0.40332 0.322082 1.52174 
-0.0347363 0.0606828 -0.112306 0.373689 0.194546 0.0161121 
-0.041784 -0.116147 0.774398 -0.806715 -0.0140149 2.34229 
-0.0139986 -0.0862561 0.635361 -1.84612 0.44888 1.34226 
-0.0404249 -0.0671959 0.524453 -0.512318 0.447675 1.88567 
-0.0257077 -0.0596679 0.581069 -0.797865 0.167206 1.79427 
-0.0334687 0.00103066 -0.114314 0.0161943 0.200564 -0.202096 
0.0280319 -0.0740348 0.80953 -0.364554 -0.314364 2.05219 
-0.058176 -0.079712 0.390617 -0.884425 0.113635 1.74996 
-0.0414729 -0.0507762 0.54429 -0.5169 0.142513 1.94649 
0.0272866 -0.0664199 0.577404 -0.748011 0.0349049 1.4383 
-0.0371634 -0.00081334 -0.113323 -0.521294 0.019708 0.00799406 
-0.0592813 -0.126848 0.755142 -0.977261 0.0315513 2.1946 
0.00968845 -0.0571698 0.444199 -0.886424 -0.118248 1.38073 
-0.0081709 -0.068499 0.503216 -0.950708 -0.00672944 1.66208 
-0.00589681 -0.0287691 0.503601 -0.28942 -0.012778 1.59206 
0.0134943 0.148012 -0.0934076 0.565936 -0.431918 0.00386187 
-0.113449 -0.157644 0.777477 -1.46856 0.415422 2.62487 
-0.00861951 -0.069474 0.560544 -0.964457 0.000180956 1.65069 
-0.00468212 -0.150232 0.481459 -1.2169 -0.248057 1.37213 
0.0292381 -0.0468503 0.558954 -0.30385 -0.0335604 1.51744 
0.0164044 0.047377 -0.173149 -0.0208266 -0.676235 -0.350071 
-0.0248062 -0.0284969 0.871848 0.0253283 -0.181079 2.54489 
0.0167772 -0.176264 0.573855 -0.763606 0.147386 0.933738 
-0.0364366 -0.169488 0.578447 -0.806111 0.277893 1.51049 
-0.0410504 -0.0706603 0.543621 -0.636065 0.144519 1.87376 
-0.00200668 0.0580975 -0.0953209 0.0313923 -0.317492 -0.215115 
-0.0402573 -0.07362 0.832049 -0.14527 0.354546 2.26904 
-0.00568021 -0.13223 0.482165 -1.21226 -0.432955 1.43947 
-0.0235397 -0.10035 0.522427 -0.921821 -0.0204996 1.65743 
-0.00856956 -0.0678918 0.541414 -0.955239 0.120444 1.6572 
-0.0550593 -0.0109078 -0.0943806 -0.69637 0.192448 -0.14457 
-0.0580271 -0.146109 0.793584 -0.878453 0.157022 2.3404 
-0.0412565 -0.0678196 0.485342 -0.73029 0.32421 1.66713 
0.0475574 -0.0365474 0.672796 0.0562215 0.0548359 1.43073 
-0.0249104 -0.0608823 0.504673 -0.788803 -0.0871409 1.80402 
-0.00272488 0.0987728 -0.0366923 0.370503 -0.131702 -0.0756334 
-0.0604728 -0.0879637 0.700116 -0.832363 -0.164057 2.56683 
-0.0432081 -0.0873892 0.503792 -1.17445 0.392675 1.588 
0.0649434 -0.0270089 0.500124 -0.0737078 -0.438082 1.38213 
-0.00545027 -0.111139 0.559217 -0.887007 -0.182529 1.5051 
-0.0206238 0.02845 -0.0570155 -0.365342 -0.0799959 -0.2234 
-0.0569499 -0.12465 0.77511 -0.534917 0.273364 2.4223 
0.0302288 -0.0257388 0.519535 -0.080323 0.0237395 1.1589 
-0.0403718 -0.0485941 0.563344 -0.297059 0.388035 1.95078 
0.0132646 -0.118463 0.57684 -0.728446 -0.0414034 1.36468 
0.0170381 0.0318205 -0.0201504 0.178918 0.0136487 -0.213489 
-0.0604678 -0.0807954 0.795505 -0.607679 0.703511 2.56953 
-0.0377543 -0.0682091 0.580828 -0.103107 0.452549 1.65879 
-0.00527123 -0.0685135 0.50319 -0.5204 -0.0105594 1.66736 
-0.0215143 -0.0984755 0.522376 -0.592138 0.160478 1.66548 
-0.0709641 0.057561 -0.0145477 0.244276 0.356535 0.21112 
-0.0250945 -0.125345 0.792071 -0.977838 -0.0538664 2.19383 
-0.0217412 -0.0593383 0.48459 -0.356627 0.0310857 1.59505 
-0.0400357 -0.112034 0.560486 -0.89096 0.0300619 1.501 
-0.041599 -0.0315909 0.620452 -0.31352 0.21184 1.78595 
-0.0861361 -0.02819 -0.111122 -0.250736 0.702783 0.237337 
-0.0399908 -0.175499 0.791483 -1.0589 0.0546325 2.12296 
-0.0392811 -0.0675268 0.504421 -0.409824 0.384924 1.66866 
-0.039228 -0.0921338 0.562068 -0.549293 0.0243474 1.79715 
0.0107002 -0.0802458 0.598248 -0.70714 -0.165557 1.72177 
0.0320105 0.0612062 -0.0765949 0.0473812 -0.28444 0.0114018 
-0.0427854 -0.0719556 0.698327 -0.653394 0.281926 2.28765 
-0.0224656 -0.0959111 0.445932 -0.784326 0.275745 1.68074 
0.00946988 -0.0802623 0.597334 -0.929642 -0.161849 1.49835 
-0.00387135 -0.0701029 0.522306 -0.314464 -0.132737 1.66349 
-0.00415082 0.0795032 0.00084993 0.0316535 -0.000607167 -0.155886 
-0.0249416 -0.103579 0.792703 -0.744144 0.12702 2.27196 
-0.0731879 -0.089565 0.544169 -0.429499 0.540094 1.80496 
-0.0247335 -0.0583929 0.542833 -0.678805 0.222925 1.80455 
-0.0217599 -0.119311 0.579961 -0.717702 0.167601 1.80212 
-0.00293093 0.0584047 -0.0762152 -0.07845 -0.252948 -0.218873 
-0.00692913 -0.113693 0.753072 -0.800894 -0.104549 2.13213 
0.0111383 -0.057177 0.444186 -0.67127 -0.120163 1.38337 
-0.0041431 -0.0685885 0.617795 -0.218213 0.184239 1.65262 
-0.0233628 -0.097861 0.560587 -0.811823 0.289566 1.65796 
-0.00265407 0.0208498 -0.0575587 -0.304744 -0.00329294 -0.141931 
0.0251291 -0.09104 0.751535 -1.0009 -0.130631 1.98831 
-0.00722276 -0.0880831 0.52164 -0.964561 0.0579058 1.58822 
-0.0200384 -0.0776237 0.465704 -0.244071 0.149646 1.75224 
-0.00451874 -0.107351 0.560069 -0.6506 0.181462 1.73667 
-0.056097 0.0698356 -0.0153216 -0.013618 0.436855 0.139268 
0.0081097 -0.062888 0.676314 -0.818746 -0.280794 1.99473 
-0.0239914 -0.118345 0.521734 -1.14161 0.166314 1.58746 
-0.0218338 -0.0584074 0.542807 -0.248497 0.219095 1.80983 
-0.00908463 -0.0902856 0.619056 -1.08267 0.00551032 2.00811 
-0.0368304 0.040462 -0.0165096 0.0284398 0.330757 0.145244 
-0.0251476 -0.143947 0.75318 -1.1931 0.00577346 2.12872 
-0.00635159 -0.106992 0.463643 -1.06998 0.0530015 1.52688 
-0.0232337 -0.0568179 0.52369 -0.454433 0.341273 1.81371 
-0.00689282 -0.107036 0.579188 -0.975596 0.247921 1.73027 
0.0143706 0.0930621 -0.0372596 0.330476 0.129809 0.00859339 
-0.0581302 -0.123084 0.755067 -0.748202 0.397336 2.2054 
-0.00656809 -0.04674 0.503835 -0.50186 0.172242 1.74285 
0.0454312 -0.0184705 0.558897 -0.24133 -0.32486 1.5128 
0.00970624 -0.0751682 0.56089 -0.781981 0.257983 1.95833 
-0.0178699 0.0107646 -0.0377165 -0.0421628 0.163823 -0.0684381 
-0.0605781 -0.105075 0.755787 -0.958721 0.214352 2.27009 
-0.178862 -0.173284 0.567235 -1.3355 1.06408 2.15223 
-0.0237323 -0.0593751 0.600148 -0.477399 0.22792 1.7958 
-0.00719574 -0.0903402 0.61719 -0.882215 0.00718242 1.5692 
-0.00170593 0.00126573 -0.0391354 -0.318597 0.0613423 -0.215783 
-0.0422462 -0.155256 0.695726 -1.35911 -0.0758338 1.98591 
-0.0263094 -0.0392003 0.619009 -0.690579 0.294167 1.64136 
0.0110727 -0.0585033 0.597953 -0.480794 0.0171226 1.57913 
0.0428115 -0.0389914 0.635602 -0.69189 -0.251278 1.64305 
0.0326265 0.0204394 -0.0215317 -0.212045 -0.271724 -0.366234 
-0.0214789 -0.162962 0.808848 -0.788521 0.195546 1.83451 
-0.0770118 -0.0892433 0.563302 -0.96965 0.608468 1.79592 
-0.0239883 -0.101325 0.579755 -0.935569 -0.0135892 1.64604 
0.0425389 -0.0575695 0.597637 -0.899801 -0.193432 1.79872 
-0.0200191 0.0682108 -0.0556907 0.0881419 -0.085923 -0.0752861 
-0.0404113 -0.0722701 0.679208 -0.328398 0.215467 2.29405 
0.0112945 -0.0615999 0.521594 -0.586262 -0.420117 1.58348 
-0.0387523 -0.093416 0.60029 -0.453199 -0.0332865 1.78952 
0.0234858 -0.148676 0.519368 -2.07075 -0.327608 1.58157 
-0.0198952 0.00888963 -0.0376657 -0.371846 -0.0171542 -0.0764792 
-0.0591554 -0.059616 0.641468 -0.471185 0.564098 2.22837 
-0.0404614 -0.10917 0.503134 -0.977837 0.207959 1.51514 
-0.0420538 -0.109814 0.580494 -1.09408 0.27762 1.72077 
-0.0266246 -0.0984741 0.638887 -1.13587 0.359349 2.08172 
0.013872 0.0905049 0.0391981 0.30751 0.0164559 -0.0093119 
-0.0586558 -0.123384 0.735974 -0.853514 0.334707 2.20651 
-0.0229372 -0.0575166 0.599184 -0.370218 0.412606 1.58043 
-0.00784834 -0.0483387 0.522051 -0.733581 0.0556873 1.51292 
0.00673795 -0.136708 0.675418 -1.58258 0.278064 2.1536 
0.0331282 0.0400163 -0.0399683 0.0169618 -0.338275 -0.289739 
0.0248023 -0.0550672 0.752009 -0.783827 -0.500549 1.90486 
-0.0262198 -0.10036 0.521527 -1.35948 -0.0148761 1.43138 
-0.129763 -0.101792 0.603569 -1.15055 0.871742 1.85351 
0.040344 -0.0578385 0.579484 -1.21292 -0.25594 2.01797 
-0.019071 0.0486268 -0.0372674 0.0742888 -0.0212877 -0.149138 
-0.0233492 -0.102935 0.715343 -0.627902 0.0573587 2.06634 
-0.00861962 -0.0262652 0.541789 -0.609729 0.301118 1.5873 
-0.0236688 -0.0981847 0.540569 -0.924483 0.22873 1.4383 
0.0245473 -0.0837526 0.616775 -1.17279 0.34722 1.80235 
-0.00284972 0.00159668 -0.0191032 -0.421091 0.124093 0.00123207 
-0.00478196 -0.0748698 0.696167 -0.240386 -0.300401 2.06811 
0.0266871 -0.0490253 0.539912 -0.738845 -0.277167 1.51051 
-0.00606857 -0.067299 0.579586 -0.529462 0.243787 1.65761 
-0.012053 -0.108617 0.714829 -1.52855 0.326529 2.14 
0.0115867 0.00956744 -0.172618 -0.990546 -0.485258 -0.059164 
-0.00560848 -0.111534 0.771201 -0.588401 0.142766 1.91564 
-0.026479 -0.0375944 0.600806 -0.674013 0.412636 1.86865 
-0.0417477 -0.10949 0.600513 -0.981418 0.338456 1.94043 
0.00753301 -0.13485 0.674454 -1.4754 0.46275 1.93823 
0.0262456 0.199478 -0.130102 0.343097 -0.482662 0.300488 
-0.0429144 -0.112999 0.735225 -1.01078 0.23022 2.1319 
0.026275 -0.00802626 0.61856 -0.287074 -0.0305406 1.86965 
0.00860088 -0.0212174 0.561144 -0.567618 -0.29504 1.72143 
0.0247504 -0.146822 0.635788 -1.63933 0.0464953 2.01377 
0.0670881 0.0806562 -0.0408254 0.251896 -0.553084 -0.360938 
-0.00892853 -0.0514997 0.677709 -0.642936 0.00649362 2.14483 
-0.0395353 -0.119329 0.521396 -0.849352 1.19089 1.463 
-0.0568709 -0.120506 0.562138 -0.826967 0.317562 1.79914 
0.0421476 -0.0960757 0.674548 -1.13249 0.0613398 2.08505 
-0.0336801 0.0252423 0.0400234 0.454269 0.886435 0.0799577 
-0.0930382 -0.14414 0.737501 -0.969283 0.54751 2.35045 
-0.0065442 -0.0660168 0.541364 -0.625556 0.301421 1.66524 
-0.0573965 -0.120806 0.543045 -0.932279 0.254933 1.80025 
0.0222837 -0.145576 0.713124 -1.8562 0.300964 2.22216 
-0.00573059 0.0183748 -0.0956926 -0.845051 -0.309529 -0.14774 
-0.112976 -0.132737 0.738922 -1.22378 0.838628 2.49527 
0.0445808 -0.0358579 0.596402 -0.46565 -0.0108738 1.43795 
0.0115483 -0.0597855 0.636175 -0.3847 -0.0405112 1.5715 
0.023927 -0.166466 0.768843 -1.78131 0.309759 1.9199 
-0.0394344 0.0196852 -0.0744425 -0.621814 0.14679 0.0732143 
-0.0417873 -0.0899574 0.697621 -0.658029 0.466825 2.22031 
0.09982 -0.0839675 0.610516 -0.44819 -0.261341 0.932631 
0.0107001 -0.037037 0.579492 -0.352412 0.13538 1.65838 
-0.0243222 -0.177363 0.676249 -1.38721 0.489044 2.23009 
-0.0206426 0.0116863 0.0196005 -0.37169 0.357456 -0.0797119 
-0.00781081 -0.0726897 0.714335 -0.673356 -0.0473406 1.84369 
0.0295517 -0.172058 0.655197 -1.12881 -0.447 2.15506 
-0.0267089 -0.0586857 0.523754 -0.999271 0.162211 1.80302 
-0.00987459 -0.128185 0.734165 -1.3199 0.387456 2.28956 
0.0126387 0.03026 -0.000980555 -0.475762 -0.100869 -0.22793 
-0.02707 -0.0824294 0.754236 -0.943576 0.186356 2.12892 
0.00697191 -0.0206266 0.598428 -0.794651 -0.164158 1.49315 
-0.0395767 -0.0899444 0.581136 -0.544606 0.271784 1.79879 
0.00891639 -0.156276 0.694755 -1.37393 0.338991 2.30317 
0.0150128 0.0299455 -0.0200995 -0.150765 -0.167329 -0.22153 
-0.00631093 -0.114323 0.713948 -0.803712 -0.229929 1.91623 
-0.0248626 -0.099436 0.579731 -1.03619 0.171218 1.6488 
-0.0420246 -0.0719353 0.581856 -0.755124 0.0888005 1.86348 
-0.00932825 -0.164181 0.732765 -1.54432 0.759167 2.15224 
-0.0721371 0.0200133 0.00412219 -0.197172 0.608105 0.28542 
-0.0265922 -0.0435758 0.698271 -0.590874 -0.00937367 2.28302 
0.0274395 -0.0446537 0.578036 -0.514317 0.215791 1.51643 
-0.00751527 -0.0502721 0.63762 -0.538574 0.0657995 1.71356 
0.0400297 -0.0970197 0.732816 -1.35405 0.0683717 2.29179 
0.0140885 0.0302528 -0.000993874 -0.260607 -0.102784 -0.225288 
-0.00762854 -0.0562535 0.735085 -0.455435 -0.35621 2.12793 
0.0113921 -0.0553626 0.558766 -0.469708 0.259442 1.37139 
-0.0420777 -0.0905371 0.542965 -0.970383 0.14844 1.79838 
0.0748846 -0.0945657 0.711491 -1.34823 -0.0221629 2.08163 
0.0318844 0.0803916 -0.000432118 0.250761 -0.215113 -0.149141 
-0.0259636 -0.0230917 0.737125 -0.261086 0.113879 2.35352 
-0.0743286 -0.0722144 0.622223 -0.325951 0.422942 2.08056 
0.0797345 -0.0371755 0.575139 -0.473733 -0.469108 1.21964 
-0.00774923 -0.166354 0.71461 -1.32651 0.508022 2.37402 
-0.0218467 -0.01068 -0.0192158 -0.816007 0.0513111 -0.155615 
-0.0256733 -0.101039 0.715332 -0.943681 0.244081 2.06645 
-0.0278361 -0.0817269 0.561358 -1.35202 -0.0743945 1.71461 
-0.0424763 -0.0899299 0.581163 -0.974914 0.275614 1.79351 
-0.00984029 -0.126346 0.849672 -1.11098 0.765267 2.49835 
0.0318552 0.0425129 -0.00179444 -0.0881937 -0.0262939 -0.291856 
-0.026637 0.0552063 0.662478 0.217286 -0.146699 2.43344 
0.0416811 -0.0358435 0.596429 -0.895958 -0.00704379 1.43267 
0.0969257 -0.0267976 0.574376 -0.415848 -0.57551 1.14767 
0.0236044 -0.186627 0.750008 -1.99843 0.247342 2.06905 
0.0843531 0.0733395 -0.0231894 0.195302 -0.410044 -0.504 
-0.0419237 -0.0918871 0.695805 -0.787256 0.28752 1.77337 
-0.025534 -0.0741981 0.561208 -0.893908 0.657175 1.73621 
0.0110727 -0.0585033 0.597953 -0.480794 0.0171226 1.57913 
0.0214729 -0.10397 0.829969 -1.40896 0.674763 2.57642 
0.0499281 0.011888 0.0361795 -0.157847 -0.189904 -0.0753808 
-0.0276434 -0.0441758 0.660086 -0.801497 -0.134632 2.28525 
0.010135 -0.0178042 0.657508 -0.134335 0.20112 1.93938 
-0.0101693 -0.0294224 0.580062 -0.843318 0.0625066 1.57163 
0.0381646 -0.116242 0.772211 -1.6782 0.195879 2.65308 
0.0341107 0.0222704 0.0939622 0.21202 0.104172 -0.154799 
-0.00905772 -0.049334 0.69585 -0.645598 0.255724 1.9257 
-0.0776561 -0.109471 0.659085 -1.09974 0.742764 1.92769 
-0.0262094 -0.0792447 0.599505 -1.02687 0.233756 1.71778 
-0.0131103 -0.107939 0.755806 -1.51103 0.448322 2.79744 
-0.0172195 -0.0281641 0.132854 -0.0926784 0.554351 -0.237281 
0.00885481 -0.0626117 0.69448 -0.720783 -0.216372 1.77284 
0.0111497 -0.0591783 0.674373 -0.389231 0.0866622 1.56662 
-0.00696363 -0.0291131 0.600054 -0.30035 0.119512 1.79657 
-0.0127326 -0.165445 0.888412 -1.76946 0.896696 2.78427 
0.000779409 0.00211444 0.133673 0.306874 0.442235 -0.0130969 
-0.00790125 -0.0316229 0.678365 -0.308618 0.00257258 2.22021 
-0.0406061 -0.149957 0.674668 -1.13553 0.413801 1.56167 
-0.0443248 -0.0893154 0.619374 -1.1946 0.404702 1.78599 
0.00402794 -0.159371 0.734907 -2.02313 0.100623 2.72376 
0.0143154 -0.0088844 0.0367925 -0.496119 0.0266076 -0.154861 
-0.0246033 -0.0836748 0.6769 -0.72671 -0.0681122 1.92053 
-0.0432976 -0.0694386 0.62003 -0.86028 0.400781 1.86137 
-0.094076 -0.141923 0.640111 -1.28148 0.603736 1.92528 
0.0210265 -0.108018 0.811865 -1.52082 0.242641 2.79016 
-0.0380003 0.0199339 0.0601813 -0.206967 0.402424 0.278133 
-0.00661283 -0.127571 0.655865 -0.995849 0.317673 1.8658 
0.00887546 -0.0556994 0.655232 -0.695792 0.393647 1.57325 
-0.00609776 -0.105178 0.578224 -0.868416 0.432607 1.5149 
0.0227198 -0.127326 0.848454 -1.43671 0.371699 2.49441 
-0.0182185 -0.0302548 0.000107321 -0.392203 0.110323 -0.00341057 
-0.0422962 -0.11363 0.6961 -1.0136 0.10484 1.91601 
-0.0271597 -0.0997965 0.67527 -1.26963 0.307217 1.6299 
0.0252143 -0.00964866 0.63585 -0.526143 -0.145302 1.41895 
0.0544294 -0.145693 0.884741 -1.98677 0.292117 2.41562 
-0.00347216 0.0583607 0.0393296 0.0159317 -0.0580285 -0.0154801 
-0.008253 -0.0896619 0.658167 -0.8647 0.128975 2.22665 
-0.00705625 -0.0281822 0.658271 -0.19222 0.307521 2.01135 
0.0107532 -0.0184352 0.618383 -0.137153 0.0757397 1.72349 
0.0223972 -0.147486 0.829619 -1.65384 0.309282 2.64357 
-0.00471907 0.0817164 0.0208446 0.0436891 0.245036 0.0665293 
-0.00903156 -0.0716837 0.657947 -0.867413 -0.0541296 2.07321 
0.0402552 -0.055113 0.633971 -1.23481 0.124051 1.35242 
-0.0266081 -0.0786375 0.637703 -1.0314 0.36093 1.71291 
0.0582138 -0.126481 0.962717 -1.12323 0.352112 2.70455 
-0.00107722 -0.021459 0.0184741 -0.343536 -0.116342 -0.0818935 
-0.00808039 -0.0310394 0.715636 -0.320497 0.13154 1.99456 
-0.0240809 -0.100394 0.637972 -0.82744 0.17442 1.86083 
0.0435535 -0.0557347 0.595747 -0.799969 -0.00695272 1.36257 
0.0581296 -0.129902 0.86634 -1.34135 -0.145962 2.48924 
0.0144976 0.0507605 0.0387864 0.0765295 0.0186745 0.0659891 
-0.00883081 -0.0884711 0.733637 -0.88111 0.385116 1.99613 
-0.0250343 -0.137966 0.655715 -1.27624 0.427783 1.71435 
-0.00971021 -0.0505412 0.619468 -0.851691 0.00329175 1.93281 
0.0398953 -0.116692 0.982328 -1.17914 0.522846 2.62472 
-0.0723827 -0.000822011 0.0617075 -0.322736 0.615228 0.422068 
0.0113819 -0.0411599 0.675993 -0.162093 -0.101945 1.85738 
0.00954069 -0.158185 0.576468 -1.60489 -0.0334399 1.43205 
-0.0388368 -0.190032 0.654224 -1.26402 0.353269 1.41996 
-0.0135349 -0.171399 0.869419 -2.0032 0.283475 2.77183 
-0.0601487 0.167728 0.00901997 0.372532 0.30489 0.935338 
0.00984977 -0.0976332 0.635752 -0.93146 0.14843 1.64691 
0.0063776 -0.0392725 0.675082 -0.915528 0.0904011 1.63143 
-0.059192 -0.0583813 0.601392 -0.581977 0.625319 1.79446 
0.00295895 -0.199851 0.925548 -2.29067 0.371009 2.76653 
-0.0223327 0.0480137 0.0410325 -0.249758 0.0484948 0.274619 
-0.0253507 -0.0808782 0.734167 -0.726554 0.306498 1.9173 
0.0260928 -0.0676712 0.616566 -0.859722 -0.0226075 1.6488 
-0.00859562 -0.0887508 0.598073 -1.08815 0.12936 1.57308 
0.00434525 -0.11784 0.966358 -1.2737 0.669221 3.06328 
-0.0035211 0.0268346 -0.0376256 -0.278804 0.61005 0.0886408 
-0.00610801 -0.090975 0.69545 -0.5608 0.07122 2.00089 
-0.00923988 -0.108979 0.693857 -1.21825 0.263657 1.70485 
-0.0382144 -0.203588 0.577036 -1.34632 0.836327 1.37329 
0.0402941 -0.160508 0.962886 -1.52933 0.0947358 2.69298 
0.0818365 0.0730027 0.0732764 -0.0307816 -0.275838 -0.302132 
-0.0774499 -0.112312 0.717364 -1.00552 0.563074 2.13432 
0.00900465 -0.0578651 0.63709 -0.69313 0.144417 1.79239 
-0.0420777 -0.0905371 0.542965 -0.970383 0.14844 1.79838 
0.0401983 -0.176597 0.963082 -1.62725 0.462648 2.84918 
-0.000799508 -0.0389214 0.170584 -0.26567 0.392443 -0.171484 
-0.0283585 -0.0650072 0.600287 -1.25129 -0.316927 1.77432 
-0.041773 -0.188783 0.614176 -1.80512 0.41832 0.980762 
0.00829994 -0.0575816 0.65527 -0.810321 0.210755 1.56786 
0.0216239 -0.208757 0.9623 -2.14133 0.391872 2.61959 
-0.0237057 0.0905548 0.0987103 -0.0186212 0.420886 0.196085 
-0.0614368 -0.103441 0.621125 -1.25904 0.141611 2.07057 
-0.0250124 -0.104183 0.63712 -1.06385 -0.189571 1.62926 
-0.040757 -0.0883786 0.561093 -0.757891 0.395755 1.58189 
-0.0818335 -0.179898 1.16137 -1.52687 0.549191 3.37152 
-0.00434327 -0.0238174 0.461598 -0.18585 0.417815 0.727396 
-0.0580908 -0.0994079 0.639203 -0.716864 0.569903 1.86212 
-0.0422725 -0.0896977 0.714873 -0.782569 0.534956 1.77501 
-0.0931519 -0.0990212 0.602249 -0.816911 0.840128 1.86565 
0.0195839 -0.0970877 1.08013 -1.37446 -0.157057 2.80154 
-0.0434434 0.0571864 0.256328 -0.305483 0.478428 1.26613 
-0.00769213 -0.0527616 0.59946 -0.648573 -0.244266 1.71303 
0.00759749 -0.060371 0.598017 -1.02563 -0.16194 1.56845 
-0.00737271 -0.0496209 0.560274 -0.637486 -0.00194654 1.50529 
-0.0631456 -0.184965 1.08345 -1.45065 0.74104 3.25012 
-0.0219602 -0.0313309 0.405009 -0.330612 0.702113 0.813511 
-0.0104223 -0.0111442 0.598934 -0.74072 -0.057969 1.41708 
0.0103753 -0.0973332 0.654845 -0.826148 0.211059 1.6458 
-0.0604597 0.0012709 0.6034 -0.224483 0.6193 2.01266 
-0.012647 -0.178363 1.0242 -1.71866 -0.13354 3.17745 
-0.00603965 -0.0215292 0.366988 -0.476002 0.468659 0.96455 
-0.112801 -0.112505 0.525754 -1.41792 0.514914 1.71591 
-0.0442218 -0.0691314 0.639136 -0.970122 0.465325 1.85761 
-0.024387 -0.0575094 0.599197 -0.585373 0.414521 1.57778 
-0.0303337 -0.131069 1.14068 -1.23874 -0.0194568 3.22671 
0.029014 0.0171976 0.365229 -0.147792 0.070836 0.66982 
0.0257629 -0.0487181 0.559018 -0.848687 -0.212623 1.50675 
0.0428084 -0.056011 0.577581 -0.897932 -0.0713755 1.58446 
-0.00724579 -0.0487137 0.617564 -0.536705 0.187856 1.4993 
-0.0804606 -0.17923 1.08494 -1.40328 0.477737 3.38667 
-0.0406782 -0.0410266 0.329365 -0.695214 0.74089 0.895343 
0.0127972 -0.257937 0.55309 -2.09822 -0.0861603 0.851358 
-0.00580116 -0.149085 0.672473 -1.13893 0.203003 1.345 
-0.00705545 -0.086616 0.615275 -0.883009 0.378469 1.13581 
-0.0106509 -0.171158 1.00403 -1.3732 0.537194 2.97939 
-0.0261648 -0.0337309 0.25227 -1.17311 0.201079 0.822441 
0.00849558 -0.0383285 0.616814 -0.693975 0.0833693 1.42469 
0.0635475 0.0116928 0.672482 0.230558 -0.236677 1.27806 
-0.00677319 -0.110224 0.616521 -1.00138 0.00918848 1.49647 
0.0410051 -0.126752 1.06075 -1.00006 -0.331408 3.03469 
-0.00507803 -0.0815051 0.344962 -0.946157 0.413842 0.526684 
0.0253381 -0.0257611 0.635119 -0.631403 0.224404 1.35437 
-0.00884132 -0.0663773 0.636903 -0.858989 0.43742 1.64634 
0.0108935 -0.0579198 0.635224 -0.492674 0.14609 1.35348 
-0.0299435 -0.205852 1.08063 -1.9029 0.351272 2.95267 
0.0293939 -0.00017332 0.403647 -0.149609 0.381114 0.818382 
-0.0432092 -0.0142365 0.581121 -0.534206 -0.0947293 1.41397 
0.0598236 -0.0280299 0.67211 -0.645885 -0.228713 1.34544 
0.029162 -0.0260828 0.615987 -0.091253 0.15603 1.36341 
-0.0130926 -0.119109 1.12079 -1.17163 -0.00559555 3.16126 
-0.0421083 -0.00416314 0.386216 -0.599859 0.564483 0.582479 
-0.094706 0.0403723 0.622319 0.0931591 0.895889 1.4906 
-0.00606857 -0.067299 0.579586 -0.529462 0.243787 1.65761 
-0.0236949 -0.119044 0.597227 -1.0574 0.237647 1.35418 
-0.0803868 -0.196925 1.10334 -1.51776 0.727179 3.31557 
-0.0236899 -0.0539971 0.347101 -0.880241 0.333339 0.738724 
-0.0602931 -0.0605635 0.582338 -0.801818 0.379797 1.79017 
0.045478 -0.033908 0.481747 -0.438154 -0.0246945 1.46073 
0.0270835 -0.0465596 0.577146 -0.636195 0.0346924 1.29026 
-0.0105447 -0.133954 1.08181 -0.942681 0.417914 3.1096 
-0.0240625 -0.0325309 0.32864 -0.751859 0.451596 0.817976 
-0.0612143 -2.77934e-005 0.640709 -0.350891 0.565375 1.78162 
-0.0251259 -0.0237464 0.697074 -0.271252 -0.00970762 1.91685 
-0.00977078 0.0131792 0.523108 -0.48406 0.23627 1.51312 
0.00396946 -0.106566 1.13817 -1.11641 0.137233 2.87016 
0.0265131 -0.0266039 0.345813 -0.928297 -0.353444 0.732797 
-0.00911818 -0.0288224 0.618246 -0.632695 0.187765 1.5694 
-0.0585664 -0.0981256 0.600981 -0.812958 0.627537 1.86976 
-0.043152 -0.00855892 0.581949 -0.398423 0.454069 1.6483 
-0.0437041 -0.158789 1.06429 -0.962513 0.198474 3.24913 
-0.00469284 -0.0417205 0.347213 -0.485324 0.406121 0.895571 
-0.0239852 -0.041097 0.61902 -0.3748 0.107445 1.64125 
0.0250186 -0.0289018 0.674305 -0.64249 -0.0179157 1.56211 
-0.0234628 -0.0578166 0.580091 -0.47553 0.349977 1.58154 
-0.0636181 -0.166663 1.10324 -1.34071 0.618771 3.31634 
-0.0256788 -0.0138981 0.368471 -0.744405 0.392078 1.10121 
-0.0259899 -0.0792684 0.598579 -1.03422 0.23555 1.49701 
-0.0272015 -0.0771908 0.84781 -0.848119 0.874619 1.68466 
-0.0260399 -0.0376418 0.598953 -0.688711 0.416223 1.42711 
-0.0612275 -0.147141 1.08294 -0.911243 0.553893 2.95393 
0.0463052 -0.0124688 0.344961 -0.4262 -0.0959764 0.67427 
-0.0237396 -0.0634705 0.580191 -0.603964 -0.200615 1.56799 
-0.0421195 -0.0679314 0.715505 -0.548875 0.715842 1.85314 
-0.0413587 -0.0679111 0.599034 -0.650606 0.522716 1.42898 
-0.0469286 -0.175862 1.12092 -1.51183 0.57892 3.16788 
-0.0251105 -0.0161112 0.348476 -0.75644 0.146435 0.878797 
0.00944382 -0.101121 0.653993 -1.06256 -0.152932 1.41423 
-0.00981021 -0.0104968 0.638972 -0.515399 0.0637024 1.85639 
-0.0238427 -0.0404457 0.541674 -0.473713 0.0396985 1.43298 
-0.0462978 -0.115242 1.06558 -0.925433 0.564076 3.40012 
-0.00556714 -0.0398311 0.347189 -0.585949 0.590928 0.898329 
0.00772658 -0.0193279 0.561119 -0.668242 -0.110233 1.72419 
-0.0419603 -0.0906523 0.65573 -0.898048 0.348741 1.33945 
-0.073517 -0.0505193 0.620075 -0.114304 0.609208 1.49638 
-0.0452592 -0.219101 1.13873 -1.65875 0.277862 3.01314 
0.0289819 -0.124118 0.343357 -1.40224 -0.162315 0.595289 
-0.00927115 -0.0505886 0.617615 -0.866389 0.00687884 1.49126 
-0.0407799 -0.135427 0.694529 -1.03949 -0.0761678 1.61974 
-0.00397362 -0.0269856 0.617242 0.119948 0.366706 1.36195 
0.00517057 -0.144428 1.13772 -1.23286 0.322343 2.95086 
-0.00822843 0.0554498 0.446122 -0.0223083 0.347283 1.23759 
-0.0051921 -0.0290526 0.485422 -0.172228 -0.0791157 1.81659 
0.0082968 -0.0746012 0.597248 -1.01636 0.390658 1.50927 
-0.0260898 -0.039224 0.618083 -0.697928 0.29596 1.42059 
-0.00858191 -0.194912 1.1171 -1.21143 0.368092 2.66298 
-0.00596268 -0.0222042 0.443408 -0.384438 0.538199 0.952044 
-0.0272575 -0.0196163 0.600586 -0.676726 0.229532 1.71522 
-0.0267079 -0.0818019 0.675963 -1.04984 0.120404 1.69987 
-0.0402149 -0.068242 0.579002 -0.548112 0.459966 1.21196 
0.00227621 -0.0872579 1.10158 -1.20052 0.0081746 3.1659 
-0.0248658 0.106367 0.315131 0.41464 0.369301 1.5543 
-0.0612174 -0.0602562 0.601443 -0.91166 0.444341 1.78641 
0.0415886 -0.0781213 0.673401 -1.14256 -0.119971 1.71084 
-0.0236492 -0.0613285 0.597406 -0.613974 0.0504085 1.12808 
-0.030339 -0.188225 1.17685 -1.70139 0.298542 3.00639 
-0.0586905 -0.0741221 0.387751 -0.993192 0.671523 1.09856 
-0.00552421 -0.0502353 0.522062 -0.417802 -0.131035 1.51281 
0.0063776 -0.0392725 0.675082 -0.915528 0.0904011 1.63143 
-0.0402388 -0.0489652 0.541473 -0.424417 0.330786 1.28957 
-0.0301412 -0.128836 1.04421 -1.32843 0.0330602 3.02496 
0.025998 -0.00578896 0.404699 -0.701002 -0.167441 1.02032 
-0.0404605 -0.0890773 0.636587 -0.673676 0.467089 1.34861 
-0.0113923 -0.0685523 0.617861 -1.29398 0.193814 1.63941 
-0.0937057 0.0192975 0.546181 -0.00959558 0.641755 1.64838 
-0.0125035 -0.157619 1.0803 -1.51341 0.0578439 2.80265 
0.0420588 0.00773692 0.364763 -0.847185 -0.0296083 0.737965 
0.00992152 -0.0190589 0.579272 -0.355125 -0.0477252 1.50494 
-0.0411557 -0.0877714 0.599291 -0.762422 0.522929 1.57702 
-0.0737439 -0.0113821 0.582288 0.121208 0.479816 1.42595 
-0.0454383 -0.218518 1.176 -1.67063 0.406828 2.78749 
0.0282928 -0.00235551 0.384592 -0.36945 0.135593 0.814099 
-0.0590255 -0.120216 0.58033 -1.15931 0.385815 1.57196 
-0.0423994 -0.0906049 0.657583 -0.88335 0.345153 1.781 
-0.0592566 -0.0249454 0.561852 -0.489597 -0.0510782 1.26893 
-0.0441893 -0.158529 1.08155 -1.08705 0.266605 2.80383 
0.00960183 -0.0143084 0.404498 -0.651706 0.123646 0.876909 
-0.0112996 -0.0694832 0.559644 -1.40211 0.00580447 1.42463 
-0.00956982 -0.0900258 0.636309 -1.20721 0.0736416 1.5628 
-0.022878 -0.0401932 0.558913 -0.383099 0.105915 0.990317 
-0.065271 -0.146795 1.103 -1.44404 0.620474 3.16566 
0.0293253 -0.183463 0.360455 -1.86958 -0.0917528 0.373322 
-0.0598175 -0.0618457 0.62056 -0.705724 0.322163 1.78254 
-0.0265789 -0.0407588 0.639066 -0.692448 0.17211 1.85562 
0.0107092 0.021913 0.539595 -0.0197823 0.00936217 0.99837 
-0.0289662 -0.144348 1.08166 -1.22307 0.528024 2.95815 
-0.00716682 -0.0445704 0.404592 -0.828756 0.232054 0.87614 
-0.0231433 -0.0978847 0.559661 -0.819171 0.29136 1.43719 
-0.0778591 -0.089611 0.658828 -0.987928 0.742552 1.77965 
-0.079694 0.00701644 0.487522 -0.716494 0.168494 1.49899 
0.00586477 -0.122618 1.02281 -1.09355 0.30831 2.82561 
0.0781971 0.0288093 0.383242 -0.403602 -0.183491 0.816329 
0.0103701 -0.0180839 0.521944 -0.341377 -0.0546356 1.51633 
-0.0112394 -0.00357724 0.599737 -0.705562 0.675637 1.65416 
0.0133602 -0.0591652 0.557888 -0.275807 -0.108379 1.1451 
-0.0444141 -0.215661 1.11864 -1.54235 0.58281 2.80428 
0.0264443 -0.00174105 0.422803 -0.589135 0.264681 0.806583 
-0.0263625 -0.0578022 0.580118 -0.905838 0.353807 1.57626 
-0.0274293 -0.0581462 0.676571 -0.916768 0.486097 1.78077 
-0.0550633 -0.0205442 0.484404 0.0708575 0.24313 1.07674 
-0.0118615 -0.177527 1.07871 -1.63992 0.0616435 2.50914 
0.026354 -0.00388304 0.405588 -0.579124 0.0136576 1.24649 
0.0115356 -0.0778275 0.633629 -0.619187 0.149889 1.05997 
-0.0615921 -0.0789258 0.67717 -1.03989 0.700694 1.70393 
-0.0388702 0.00783562 0.484347 0.133378 -0.0481698 1.07211 
-0.0107207 -0.116351 1.1771 -0.748519 0.366978 2.94254 
-0.00656523 -0.0218292 0.347896 -0.581313 0.40603 0.965666 
-0.00877476 -0.0881673 0.635345 -1.10003 0.258327 1.34743 
0.00885158 -0.0364225 0.617703 -0.572097 0.264468 1.65086 
-0.00831172 0.0289132 0.501953 -0.291004 -0.192599 0.919133 
-0.0464604 -0.13803 1.12043 -1.18757 0.393687 2.86905 
-0.0260244 0.005311 0.44556 -0.533676 0.459611 1.16144 
-0.00974896 -0.0894423 0.67358 -1.21909 0.202609 1.33716 
-0.0113131 -0.0290914 0.600094 -0.945812 0.125257 1.78864 
-0.0576643 0.0189074 0.465736 -0.0186274 0.180198 0.999913 
-0.0637546 -0.168592 1.10143 -1.46993 0.439466 2.8694 
-0.0253823 -0.0145968 0.443965 -0.66019 0.463411 0.867933 
-0.0251626 0.0206972 0.638243 -0.0273167 0.35245 1.41955 
0.00942721 -0.0777491 0.636421 -0.812295 0.146424 1.71965 
-0.0564705 -0.0230501 0.44533 -0.261644 -0.0632268 0.8528 
-0.0122871 -0.174662 1.02136 -1.7268 0.23954 2.52329 
0.0131002 -0.0950189 0.327265 -0.889452 -0.128178 1.0399 
0.00775349 0.0216237 0.637914 -0.231169 0.13998 1.64178 
0.0074975 -0.0203266 0.617521 -0.689339 -0.101529 1.49203 
-0.0387276 0.00848688 0.407001 0.0344654 -0.115916 0.863842 
-0.0293118 -0.125139 1.15875 -1.01234 0.595558 3.01838 
0.0451219 0.0073949 0.462102 -0.205304 0.0951435 1.17117 
0.00857159 -0.0158872 0.541026 -0.551844 0.194716 1.51533 
-0.0253643 -0.119013 0.598167 -1.2652 0.237768 1.57231 
-0.0913255 0.0177046 0.447899 0.0872617 0.328244 0.999569 
-0.0121737 -0.133363 1.1191 -1.16971 0.548796 2.88131 
-0.0290697 -0.0123454 0.464913 -1.07111 0.71109 1.30584 
-0.0732901 -0.0896564 0.657861 -0.349815 0.7386 1.56681 
0.024646 -0.00743551 0.655845 -0.514107 0.100341 1.64136 
-0.0902213 0.0369065 0.524975 0.513144 0.393863 1.06244 
-0.0452831 -0.156616 1.08245 -1.18033 0.449619 3.02736 
0.0279203 -0.024098 0.384887 -0.595795 -0.047087 0.956737 
-0.0271118 -0.00194536 0.581261 -0.569597 -0.0181174 1.56554 
-0.0447734 -0.0902904 0.676702 -1.20835 0.411613 1.7746 
-0.0576404 -0.000369386 0.503265 -0.142323 0.309377 0.922303 
-0.0615262 -0.186578 1.10164 -1.25207 0.620656 3.02548 
0.00990788 -0.0139847 0.424517 -0.539046 0.184482 1.09657 
-0.0236919 -0.0588153 0.636493 -0.496627 0.358681 1.34938 
-0.0432861 -0.114649 0.868973 -0.932968 0.30667 2.10801 
-0.0602857 -0.0996769 0.62105 -1.02998 0.507395 2.08137 
0.0424826 -0.0431545 0.730263 -0.731422 -0.483101 1.39786 
0.0227967 -0.128001 0.924875 -1.34515 0.441239 2.48191 
-0.00452863 0.00060522 0.0373115 -0.657342 0.134712 -0.233573 
-0.00800342 -0.0317143 0.792056 -0.228933 0.201079 1.98206 
0.00678355 -0.0357844 0.656841 -0.784433 0.391763 1.86412 
-0.0434006 -0.0896227 0.600268 -1.08476 0.340158 1.78975 
0.0398318 -0.156409 0.865459 -1.727 0.333854 2.27322 
0.0299329 0.060822 0.0180178 -0.1934 -0.146648 -0.228277 
-0.00945628 -0.0919355 0.752804 -1.00486 0.0819603 1.98421 
0.0222481 0.0121558 0.637435 -0.715408 0.037621 1.71257 
0.0272052 -0.146017 0.689359 -1.35279 0.241557 1.12733 
0.00409222 -0.178088 0.808781 -2.16606 0.360563 2.19973 
-0.0381555 0.00124058 0.134982 -0.342541 0.660571 -0.0251246 
-0.0278517 -0.0814709 0.695995 -1.15233 0.183154 1.91689 
-0.010288 -0.0493504 0.694937 -0.868101 0.259432 1.70229 
-0.00719584 -0.0471315 0.598434 -0.527488 0.308119 1.50582 
0.0056316 -0.11752 0.868979 -1.27012 0.538724 2.638 
-0.00551641 0.0829309 0.0972407 0.0346278 0.499383 0.056781 
-0.0267871 -0.121263 0.693731 -1.39801 0.18896 1.55064 
0.127864 -0.0230908 0.6304 -0.842047 -0.409661 1.14326 
-0.0440023 -0.0691551 0.638209 -0.977471 0.467119 1.63684 
0.0185494 -0.127888 0.811223 -2.0703 0.248477 2.71214 
0.0476571 0.0323865 0.07506 -0.258367 -0.0628221 -0.0101605 
-0.0246982 -0.079671 0.810549 -0.520461 0.55893 1.91019 
-0.0266633 -0.137375 0.693 -1.50327 0.558665 1.48607 
-0.0436006 -0.00953389 0.639276 -0.412171 0.460979 1.63691 
-0.0316266 -0.157538 0.908061 -1.9399 0.884537 2.69904 
0.0282135 0.10248 0.0193318 -0.0556957 0.0341471 -0.0800472 
0.00780562 -0.116272 0.712419 -1.26749 0.404904 1.78256 
0.00990284 -0.0790313 0.674644 -0.716201 0.0887897 1.71202 
0.00672319 -0.0584816 0.597993 -1.12626 0.0228676 1.5712 
0.0739448 -0.137211 0.883989 -1.6131 -0.00100667 2.34354 
-0.00709533 0.041895 0.134151 -0.537916 0.449591 -0.101607 
-0.0447338 -0.0312967 0.756043 -0.536786 0.471426 2.20372 
-0.0608635 -0.0984862 0.69652 -1.04639 0.763536 1.85085 
-0.0446569 -0.110498 0.656014 -1.44017 0.352783 1.48221 
0.0205726 -0.166148 0.90536 -1.99722 0.56755 2.55844 
0.0294551 0.0219684 0.0739833 -0.546103 0.0490817 -0.382382 
-0.0444674 -0.0899667 0.696721 -1.09569 0.472448 1.99426 
-0.061389 -0.141995 0.696183 -1.50643 0.39997 1.91535 
0.00777435 -0.0578816 0.636177 -0.915633 0.148126 1.56897 
-0.0491634 -0.148707 0.985913 -1.78705 1.05847 2.83124 
-0.0428798 -0.0174073 0.210749 -1.11623 0.922668 -0.115534 
-0.0104545 -0.0307249 0.734755 -0.645493 0.197999 1.98816 
-0.00931685 -0.108304 0.617436 -1.30981 0.194117 1.71736 
0.00924807 -0.0771656 0.673693 -0.824175 0.275391 1.494 
0.0359445 -0.117277 0.94417 -1.82007 0.401417 2.62167 
0.0115687 0.0128963 0.0374507 -0.692733 0.211324 -0.0820091 
-0.00945628 -0.0919355 0.752804 -1.00486 0.0819603 1.98421 
-0.0246753 -0.0758316 0.695869 -0.593589 0.729916 1.93573 
-0.0284013 -0.0192853 0.620618 -0.77922 0.292282 1.93223 
0.0186242 -0.168698 0.981831 -2.23534 0.456113 2.53789 
-0.00404259 0.020438 0.153512 -0.228641 0.32571 0.0451985 
-0.028343 -0.0799328 0.79241 -1.04873 0.498337 2.1268 
-0.0098446 -0.14874 0.692532 -1.67173 0.269584 1.55674 
-0.00804616 -0.107728 0.654695 -1.10654 0.321169 1.49435 
0.0212013 -0.188873 0.962969 -2.02216 0.389866 2.69233 
0.0469023 0.0742966 0.0936133 -0.0300479 0.184189 -0.304593 
-0.00977894 -0.0688871 0.715214 -0.867257 0.32048 2.06998 
-0.00758713 -0.0856377 0.675345 -0.760181 0.562891 1.79214 
-0.0252851 -0.0795519 0.5804 -0.917029 0.169212 1.72154 
0.00143301 -0.179076 0.982594 -2.29323 0.562514 2.60986 
0.0642227 0.0825088 0.0747085 0.0304986 -0.171443 -0.157429 
-0.00761006 -0.0894771 0.790025 -0.687053 0.391905 1.76661 
0.0409338 -0.0762556 0.672451 -1.25053 0.0666294 1.49282 
0.0436066 -0.0371329 0.634638 -0.58471 -0.0665926 1.42768 
-0.0138494 -0.124163 0.985238 -1.43488 1.20966 2.91888 
0.0303866 0.0257565 0.0748349 -0.309696 0.413073 -0.150809 
-0.00645587 -0.068693 0.847971 -0.251953 0.577786 1.83599 
0.00974759 -0.0977247 0.749444 -0.851776 0.346936 1.40876 
-0.00656496 -0.0297203 0.561856 -0.295819 -0.00766112 1.80144 
0.10918 -0.132036 1.03454 -1.30494 0.477867 2.11541 
-0.007394 0.00245786 0.152845 -0.878739 0.516354 -0.0300636 
-0.0445674 -0.0499223 0.716225 -0.759394 0.532859 1.91784 
0.0248468 -0.0242229 0.731534 -0.527804 0.539586 1.56428 
-0.00929089 -0.0442361 0.542022 -0.82217 0.486137 1.7381 
0.00455958 -0.218228 1.02035 -2.09843 0.688076 2.68557 
0.0134712 0.0509763 0.171584 0.0463713 0.281725 -0.175922 
-0.00771309 -0.109661 0.770263 -0.911529 0.331281 1.69499 
-0.0612756 -0.179222 0.617474 -1.9443 0.521043 1.56437 
0.00842685 -0.0566744 0.71256 -0.70954 0.400558 1.56186 
-0.014045 -0.186625 1.04245 -1.90595 1.03611 3.12543 
0.0665789 0.0855233 0.265659 0.653308 0.45868 -0.173874 
0.00553032 -0.0396402 0.770608 -0.933807 0.224485 1.61517 
0.0422098 -0.0185238 0.673542 -0.584605 -0.124317 1.49014 
0.0610704 -0.00817682 0.671839 -0.318915 -0.230841 1.20004 
-0.014351 -0.186948 1.02243 -2.01861 0.975273 2.90577 
0.0123908 0.0124976 0.132037 -0.503207 0.345286 -0.316405 
-0.0257255 -0.0995478 0.809894 -0.85478 0.562851 1.83482 
-0.011817 -0.0888041 0.712718 -1.43143 0.329903 1.55041 
0.00755472 -0.0146491 0.618348 -0.553557 0.447269 1.72636 
0.00489255 -0.176953 1.11717 -1.5487 0.999125 2.82282 
-0.00731486 0.0419187 0.135078 -0.530567 0.447797 0.119167 
-0.0281973 -0.0622619 0.773085 -0.941603 0.250688 1.97712 
-0.0253352 -0.0379253 0.580774 -0.571519 0.349886 1.65164 
0.0390802 -0.0396006 0.596517 -1.34017 -0.370913 1.41923 
0.000445334 -0.13996 1.06128 -1.95599 0.626248 2.9636 
-0.00704008 0.100633 0.0788549 -0.0660483 0.251855 0.125234 
-0.0761523 -0.0707842 0.831416 -0.365171 0.940339 1.8289 
-0.0271232 -0.0578225 0.696589 -0.804108 0.546933 2.00043 
-0.00719271 -0.0301118 0.656455 -0.321446 0.128216 1.56441 
0.0203874 -0.164287 1.02179 -1.78096 0.943568 2.98801 
0.0299173 0.061078 0.152655 0.00629297 0.110901 -0.026 
-0.0281474 -0.0606797 0.753955 -0.932385 0.370951 1.98364 
0.0762435 0.00442152 0.691084 -0.464149 -0.0896846 1.34785 
0.00702479 -0.0952208 0.787631 -1.17209 0.660832 1.404 
-0.0367076 -0.119658 1.02593 -2.14467 0.894589 3.258 
0.0103281 0.0702913 0.135008 -0.252893 0.154582 0.117178 
0.0108488 -0.138751 0.787255 -0.986662 0.291521 1.47643 
-0.012407 -0.0271782 0.600996 -1.03909 0.308271 2.01217 
-0.0257068 -0.0395753 0.714522 -0.493704 0.426336 1.62774 
0.0172639 -0.108115 1.04205 -1.76972 0.638104 2.97089 
-0.021133 0.033317 0.249469 0.03607 0.931768 -0.0363364 
-0.0248013 -0.099855 0.790788 -0.744937 0.498306 1.83857 
-0.0454447 -0.108261 0.676935 -1.42079 0.596632 1.92539 
-0.0113153 -0.0692273 0.694282 -1.20242 0.263353 1.62691 
-0.0303723 -0.220007 0.965258 -2.19582 0.709071 2.90823 
0.0300173 0.0210336 0.133151 -0.33 0.0504901 0.0504171 
0.0240018 -0.0276636 0.751628 -0.644202 0.234638 1.77313 
0.0580542 0.0120454 0.692554 -0.517398 -0.168181 1.48715 
-0.0108511 0.053227 0.66001 -0.0386882 0.488013 2.08164 
0.0215583 -0.210084 1.11607 -1.95085 0.529158 2.81536 
0.0117227 0.0115464 0.190291 -0.509606 0.350403 -0.107021 
-0.00950633 -0.0503089 0.753178 -0.659346 0.262634 1.91431 
-0.0250137 -0.131054 0.616467 -1.25125 1.0378 1.51477 
-0.0272836 -0.0404753 0.657245 -0.809639 0.238448 1.63109 
0.00304319 -0.196431 1.02193 -2.07254 0.869084 2.98184 
0.0299912 0.000174547 0.18981 -0.462912 0.0594065 -0.0337087 
-0.0119335 -0.0685963 0.733406 -1.1996 0.388733 1.84281 
-0.044068 -0.0272726 0.77322 -0.432268 0.905341 1.76921 
0.0242443 -0.0670567 0.654777 -1.07941 0.106481 1.64128 
-0.0156916 -0.132718 1.15825 -1.5972 0.678006 3.09192 
0.0617987 0.0812411 0.112957 -0.303715 -0.225246 -0.170344 
-0.0260824 -0.121546 0.675551 -1.28082 0.122622 1.77518 
0.0269753 -0.0453727 0.77 -0.328372 0.48025 1.70732 
-0.0277592 -0.0391931 0.619023 -0.905733 0.296082 1.63872 
0.0366741 -0.159954 1.11573 -1.87714 0.422452 2.66545 
0.0279649 0.0214158 0.0376516 -0.742029 -0.0797638 0.0613975 
-0.0434662 -0.0909489 0.754035 -0.89428 0.477444 1.98551 
-0.0449026 -0.0881247 0.694844 -1.21101 0.660843 1.55547 
0.00727266 -0.0774584 0.654614 -1.14464 0.214676 1.49248 
0.0218143 -0.168133 1.13646 -1.49268 0.770667 2.96511 
0.0113315 0.109445 0.0981348 0.205122 0.0214817 0.270166 
-0.0107366 -0.0503254 0.752265 -0.881849 0.266343 1.6909 
-0.010364 -0.0717917 0.770726 -1.01023 0.148086 1.61164 
-0.0452721 -0.0496388 0.734404 -0.876585 0.599197 1.69331 
-0.0119895 -0.169987 1.19597 -1.28788 0.98646 3.17303 
0.0120975 0.030216 0.114564 -0.38138 0.0940501 -0.0245365 
-0.0266944 -0.0436673 0.811963 -0.51119 0.189133 2.04487 
0.00755265 -0.0979937 0.731292 -1.16489 0.284428 1.62801 
0.0401075 -0.0197238 0.597173 -1.00585 -0.374834 1.49461 
0.0196859 -0.190192 1.11675 -2.04684 0.529067 2.88545 
0.113649 0.07482 0.129325 -0.356355 -0.294797 -0.309304 
-0.0108397 -0.0705095 0.732504 -1.10633 0.205719 1.61928 
-0.00936594 -0.0897935 0.770019 -1.01487 0.332984 1.54431 
-0.0447497 -0.0663584 0.695475 -0.977315 0.841729 1.6336 
0.00265079 -0.161784 1.17617 -1.66499 0.636452 3.09414 
0.0115 -0.00544956 0.133197 -0.708299 0.528512 0.0551636 
0.00578642 -0.0408987 0.809756 -0.830364 0.165058 1.82831 
-0.0285304 -0.0603284 0.657516 -1.13661 0.240576 1.77648 
-0.0107367 -0.00711663 0.733509 -0.527122 0.567279 1.62751 
-0.0143478 -0.213138 1.09921 -2.1673 0.494434 3.02774 
-0.0224776 0.0504354 0.193811 -0.0527267 0.555274 0.257764 
-0.0267267 -0.0985656 0.752579 -1.05619 0.557855 1.84356 
-0.028034 -0.0979071 0.675246 -1.37025 0.492024 1.63265 
0.0259698 0.0117426 0.731994 -0.0955737 0.167753 1.48346 
0.00130398 -0.141593 1.19594 -1.65567 0.69899 3.16312 
-0.00466089 0.0642777 0.173881 0.128905 0.752027 0.197712 
-0.0254268 -0.0601106 0.7912 -0.513956 0.496088 1.76327 
0.00687712 -0.0598315 0.750833 -0.943129 0.161947 1.54619 
-0.0114392 -0.00990605 0.676257 -0.742432 0.194584 1.6281 
0.0145996 -0.0730629 1.10172 -1.76685 0.273424 3.31494 
0.012673 0.0320982 0.114527 -0.266851 0.276942 -0.0191371 
-0.0260825 -0.0783375 0.656796 -0.926091 0.423559 1.71179 
-0.00963552 -0.0481432 0.77132 -0.662008 0.511864 1.69518 
-0.0415139 -0.129813 0.69259 -1.14091 0.479926 1.18911 
-0.0137431 -0.173377 1.10053 -1.71381 0.488507 3.17586 
0.028404 0.0998948 0.212247 0.238223 0.112005 0.328856 
-0.00902035 -0.109003 0.69293 -1.2256 0.26545 1.48408 
-0.0233069 -0.112227 0.789056 -0.628488 1.23559 1.56402 
0.00805737 -0.0181885 0.75212 -0.375117 0.338912 1.69971 
0.0362412 -0.0826584 1.21487 -1.09563 0.359996 3.16078 
0.012521 -0.019612 0.0178101 -0.786063 0.884397 0.0133639 
-0.0251739 -0.0783888 0.772327 -0.616555 0.616563 1.91782 
-0.0113362 0.010278 0.696018 -0.517956 0.255208 1.69972 
0.0061215 -0.038014 0.635933 -1.01897 0.149828 1.41829 
-0.0503196 -0.174309 1.21736 -1.83854 0.897932 3.37251 
0.0109036 0.0721735 0.134971 -0.138363 0.337474 0.122577 
0.00737882 -0.0402547 0.732396 -0.714122 0.0953965 1.62269 
-0.0103141 -0.0702095 0.751596 -1.00101 0.268349 1.61816 
0.00892854 -0.0370975 0.694123 -0.480533 0.334008 1.63836 
-0.0176939 -0.173962 1.06237 -2.35474 0.367078 3.17281 
0.02889 0.0412011 0.151999 -0.328026 0.114822 -0.101378 
-0.0631554 -0.0416912 0.755893 -0.817174 0.581536 2.05227 
-0.0101111 -0.0900698 0.751854 -1.11283 0.268561 1.7662 
-0.0804362 -0.0694362 0.677689 -1.20111 0.808798 1.62522 
-0.0299623 -0.222616 1.15725 -1.90925 0.788723 3.09636 
-0.0423395 0.0842794 0.119444 -0.165095 0.957738 0.493225 
-0.0256216 -0.00139281 0.617592 -0.373671 0.110728 1.12176 
-0.0642803 -0.125684 1.06358 -1.22052 0.677774 2.80713 
-0.00915788 -0.0446072 0.52015 -0.949528 0.428889 1.07689 
-0.00895173 -0.0474479 0.578429 -0.855302 0.249198 1.28352 
0.0084373 -0.157295 0.632845 -1.72661 0.160071 1.20265 
-0.072539 0.0536374 0.213837 0.181935 0.38597 -0.0552124 
-0.0649588 -0.14775 1.04386 -1.55952 0.434258 2.73011 
-0.0269933 -0.0752133 0.616696 -1.13751 0.669587 1.28063 
-0.0257735 -0.0963118 0.539631 -1.24761 0.417246 1.21764 
0.059401 -0.00814586 0.672779 -0.52672 -0.230719 1.41817 
0.032208 0.0774357 0.170612 0.417322 -0.194504 -0.401442 
-0.0148247 -0.0954938 1.11956 -1.26842 0.3656 2.79797 
-0.00957731 -0.00770354 0.57884 -0.624322 0.24698 1.20822 
-0.0256173 -0.0575259 0.598284 -0.807875 0.418229 1.35437 
0.0245961 -0.00901772 0.674975 -0.523325 -0.0199217 1.63484 
-0.00436637 0.116639 0.193251 0.549204 0.0768261 -0.0430567 
-0.0106552 -0.115025 1.02334 -0.938995 0.229692 2.74678 
0.00876193 -0.0537896 0.538737 -0.898148 0.385329 1.15185 
0.0259823 -0.005533 0.539336 -0.501309 0.0901076 1.22259 
-0.0459007 -0.0701228 0.69555 -1.20637 0.475944 1.6228 
-0.0407907 -0.00435474 0.0195628 -0.995665 -0.0811107 -0.247358 
0.0409423 -0.103168 1.05858 -0.889037 0.0396663 2.45327 
0.00849234 -0.0121393 0.540037 -0.545289 0.564209 1.30272 
-0.0433872 -0.0868057 0.541063 -1.18633 0.521642 1.36235 
0.00572283 -0.0374068 0.674131 -1.0235 0.277002 1.41342 
0.0126719 0.105251 0.191856 0.373395 -0.210462 -0.19316 
-0.0494132 -0.113409 1.06281 -1.47841 0.758094 2.73528 
0.0066397 0.00139944 0.616313 -0.685497 0.0848592 1.12598 
-0.0103277 -0.0651353 0.596841 -1.18493 0.500556 1.20978 
-0.0442979 -0.0483638 0.696169 -0.757525 0.654916 1.70358 
-0.00584322 0.118904 0.097714 0.251704 0.129465 -0.026677 
-0.0611538 -0.121627 1.08258 -0.670994 1.10427 2.81945 
0.00958628 -0.0572613 0.557891 -0.80674 0.0802585 1.14257 
-0.011868 -0.0240613 0.560883 -1.03535 0.552384 1.58366 
-0.0268371 -0.0796362 0.694105 -1.0525 0.369634 1.48074 
-0.00122717 0.0170032 0.0571079 -0.0164613 -0.176194 -0.164826 
-0.0124402 -0.15322 1.00197 -1.60576 0.359591 2.38176 
-0.0256704 -0.0761277 0.559393 -1.02313 0.477869 1.28926 
-0.00373106 -0.0663787 0.520392 -0.315257 0.238549 1.2301 
-0.0232827 -0.0815164 0.695029 -0.514218 0.179203 1.70404 
0.0129644 0.06744 0.0758755 -0.0525923 -0.218356 -0.318494 
0.042569 -0.100685 1.09672 -0.563884 0.347817 2.45643 
-0.00982603 -0.0455585 0.578404 -0.955927 0.434006 1.28628 
0.00817292 -0.01528 0.579224 -0.556375 0.321889 1.51046 
-0.00998935 -0.00991329 0.676243 -0.527278 0.192669 1.63074 
-0.0379307 0.0583724 0.0978887 0.11276 0.344365 -0.0255729 
0.00158704 -0.0440215 0.966367 -1.16268 0.1179 2.67571 
0.0651188 -0.00135397 0.74717 0.43857 0.570146 0.991002 
0.00739134 -0.0575303 0.539738 -1.11986 0.0177507 1.36182 
0.0251643 -0.0112309 0.65498 -0.53536 -0.265565 1.41243 
-0.0711162 0.0558873 0.118274 0.314743 0.434778 -0.0335492 
-0.0648059 -0.125984 1.04449 -1.32583 0.615144 2.80824 
-0.011202 -0.0632459 0.596817 -1.28556 0.685363 1.21254 
-0.00932423 -0.0691905 0.578723 -1.08165 0.0665187 1.42616 
-0.0119409 -0.0294829 0.694693 -0.971439 0.261135 1.55161 
-0.0197278 -0.0328522 0.0747253 -0.645021 0.00247227 -0.465504 
-0.0626401 -0.163593 1.06128 -1.35167 0.866471 2.44628 
-0.0255966 -0.0938224 0.577792 -1.13761 0.727312 1.21817 
-0.00919742 -0.0250745 0.617258 -0.626139 0.557258 1.35678 
0.0432381 -0.0217632 0.826407 -0.300853 -0.170045 1.46237 
-0.052161 -0.0309655 0.133234 -0.21851 0.585843 -0.467556 
0.00611036 -0.101782 0.965222 -0.967987 0.301187 2.68896 
-0.00979997 -0.0246995 0.521746 -0.823014 0.425089 1.3704 
0.0244898 -0.00301262 0.578436 -0.599115 0.400295 1.44125 
-0.00897051 -0.0642116 0.655045 -0.861651 0.68665 1.42721 
0.0147129 0.10687 0.0571681 0.503385 -0.287033 -0.387396 
0.0214323 -0.0544934 1.02316 -0.800051 0.0147915 2.74567 
-0.0595272 -0.0965836 0.580011 -1.03359 0.753302 1.43208 
0.0261301 -0.084131 0.59489 -1.08499 0.288056 1.14379 
-0.0260587 -0.0544055 0.675569 -0.695059 0.853675 1.57079 
-0.0539781 0.0476634 0.0786196 0.157369 0.388016 -0.170621 
0.0713739 -0.0829972 1.01889 -1.4142 -0.294566 2.30628 
-0.0109533 -0.0253909 0.597253 -0.953954 0.498337 1.13448 
-0.00817317 -0.0654261 0.578648 -0.852589 0.432303 1.43695 
0.0405644 -0.0377697 0.712011 -0.916106 0.00498345 1.63066 
-0.00445904 0.0390437 0.0750188 -0.337615 0.0766531 -0.537279 
-0.0128659 -0.150355 0.944617 -1.69264 0.537488 2.39591 
0.112088 0.00789459 0.496887 -0.538961 -0.382049 0.945689 
-0.00862492 -0.0834207 0.577955 -1.07238 0.619117 1.36698 
-0.0480188 -0.0278581 0.735062 -1.0732 0.783913 1.76616 
0.0102864 0.107567 -0.0192121 -0.233641 -0.350828 -0.382815 
-0.0466134 -0.116588 1.10104 -1.06654 0.513738 2.72753 
0.0227079 -0.0241881 0.61509 -1.05984 0.350291 1.13483 
-0.0263386 -0.077079 0.617647 -1.02953 0.482986 1.49865 
-0.0080202 -0.0436598 0.57928 -0.618895 0.613189 1.51509 
-0.00312885 0.0422246 0.0376723 -0.0966775 0.313471 -0.300833 
-0.133174 -0.208239 1.10353 -1.80945 1.05167 2.93925 
0.0111307 -0.11126 0.555784 -1.0358 0.636868 0.93792 
0.0259897 -0.0446464 0.578049 -0.729471 0.217706 1.51379 
-0.0291321 -0.0398608 0.695456 -1.02932 0.367536 1.62357 
-0.0403621 0.0962181 0.0974246 0.00670832 0.162963 -0.329688 
0.0198033 -0.0539026 1.06045 -1.02708 0.145673 2.51738 
-0.0288158 -0.0537398 0.598249 -1.22428 0.789759 1.35724 
-0.0290614 -0.0745751 0.655834 -1.34984 0.796882 1.49389 
-0.0277853 -0.0600521 0.675682 -1.03865 0.304998 1.5546 
0.0119797 0.0882588 0.017377 -0.149531 -0.22177 -0.678557 
-0.0478177 -0.0957454 1.04347 -1.15613 0.50853 2.58824 
0.00841634 -0.0345806 0.615826 -0.687419 0.452862 1.21208 
-0.0266112 -0.0956571 0.579682 -1.23744 0.540833 1.65432 
-0.00867174 -0.0679832 0.655106 -0.875555 0.318951 1.41905 
-0.0368848 -0.119918 0.0145469 -1.48894 0.298504 -0.893749 
-0.0121124 -0.0759039 0.984638 -0.925987 0.104009 2.45294 
0.0270574 -0.0242098 0.61505 -0.414381 0.344546 1.14275 
0.00801777 -0.0771821 0.67278 -1.04668 0.279099 1.27059 
0.00769824 -0.037114 0.69321 -0.703036 0.337716 1.41494 
0.0252691 0.0795409 -0.174127 -1.02752 -0.588467 -0.580526 
-0.0131823 -0.0932676 1.02307 -1.14296 0.416202 2.59886 
0.0423628 -0.075284 0.497725 -1.34586 -0.131613 0.859272 
-0.0450066 -0.0851925 0.522873 -1.38492 0.642026 1.587 
-0.0140193 -0.0499597 0.655853 -1.51638 0.139797 1.47846 
-0.0556601 0.0296523 0.0770131 -0.284924 0.578538 -0.464015 
-0.0286406 -0.185695 0.982069 -1.79485 0.222356 2.15858 
0.059913 -0.00277171 0.537117 -0.605329 0.0641173 1.00868 
-0.00747063 -0.105845 0.654657 -0.992006 0.504061 1.49975 
-0.0621177 -0.0792258 0.658078 -1.1452 0.638065 1.70505 
0.0289295 0.0216684 0.054891 -0.651415 -0.0135475 -0.381265 
-0.0325758 -0.0648012 0.966967 -1.2858 0.332498 2.59887 
0.022581 -0.0250953 0.557799 -1.16062 0.160488 1.14082 
-0.0458508 -0.0685406 0.67642 -1.19716 0.596207 1.62932 
-0.0106899 -0.0225541 0.656359 -0.723946 0.867445 1.57544 
-0.019197 0.0678121 0.0388954 0.277668 0.0480394 -0.309682 
-0.0474139 -0.132393 1.11941 -1.28164 0.947988 2.65919 
0.0765287 0.00572405 0.536391 -0.661974 -0.225177 0.931313 
-0.0259921 -0.0761955 0.674011 -0.936101 0.674582 1.27188 
-0.0440044 -0.109291 0.732397 -1.23408 0.605215 1.4751 
-0.0560036 0.0889973 0.0599147 0.182413 0.507976 -0.242048 
0.0223035 -0.0734024 0.965166 -0.905467 0.00988715 2.68433 
0.0398752 0.00546666 0.576798 -0.878263 0.114709 1.14047 
0.0234658 -0.0490786 0.654557 -1.08212 -0.0766239 1.48785 
0.00556986 -0.059173 0.6735 -1.2572 0.0961157 1.33528 
0.0136594 0.109343 0.0944155 0.390881 0.0267409 -0.610285 
0.00558261 -0.142218 1.04032 -1.32991 0.376654 2.52834 
0.0237643 0.0335674 0.617108 -0.38657 0.15755 1.35292 
-0.00867174 -0.0679832 0.655106 -0.875555 0.318951 1.41905 
-0.0117879 -0.00771662 0.695325 -0.737745 0.442021 1.62974 
-0.00390427 0.0772223 0.0954735 0.106651 -0.049537 -0.39568 
-0.030028 -0.0796458 0.927987 -1.05684 0.756007 2.54721 
0.0252381 0.0142833 0.654623 -0.295111 0.284815 1.27795 
-0.0105202 -0.0673688 0.693318 -1.09524 0.448039 1.41153 
-0.0432468 -0.0477638 0.734353 -0.546902 0.780174 1.70135 
-0.0406347 0.0776399 0.0594598 -0.201202 0.220809 -0.174019 
-0.030051 -0.0834852 1.04267 -0.983715 0.58502 2.52167 
0.0243107 -0.00242911 0.615708 -0.610995 0.529262 1.2156 
-0.0282609 -0.0587699 0.637459 -1.13474 0.362632 1.56223 
0.0234334 -0.0607681 0.576418 -1.27239 0.593035 1.22316 
-0.00630224 0.0968136 0.0770635 -0.0946502 -0.112257 -0.32447 
-0.0283294 -0.0850069 0.947165 -0.864811 0.266129 2.53518 
0.0242212 -0.106214 0.574253 -1.6465 0.048249 0.843355 
0.0939072 -0.00350238 0.670522 -0.516212 -0.0738173 1.20966 
0.0422575 -0.0138687 0.729845 -0.477268 0.434978 1.27153 
-0.00388352 0.0409259 0.0749813 -0.223086 0.259545 -0.531879 
-0.0468695 -0.115329 1.06189 -1.16998 0.573165 2.51439 
0.0399491 -0.0554368 0.613952 -1.34747 0.063215 1.13276 
-0.011791 -0.0247363 0.637304 -0.943787 0.621924 1.57115 
0.07664 -0.0363216 0.747074 -0.716227 -0.0787621 1.19099 
-0.00432268 0.0841821 0.0580786 0.146339 0.556895 -0.153719 
-0.0475982 -0.0957691 1.04254 -1.16348 0.510324 2.36747 
-0.00883522 -0.0676557 0.557741 -1.08713 0.190369 0.991125 
0.0231931 -0.0244479 0.597837 -0.935303 0.282159 1.58013 
-0.044554 -0.0471053 0.65702 -0.860968 0.714343 1.49044 
-0.024324 0.0126593 -0.038614 -1.01075 0.358084 -0.297021 
-0.0454562 -0.157311 1.04056 -1.42035 0.331534 2.1465 
0.00800423 -0.115317 0.53678 -1.58533 0.21037 0.925596 
0.00867244 -0.035839 0.654975 -0.583976 0.393435 1.42522 
-0.0453252 -0.0682406 0.695513 -1.09184 0.658837 1.6282 
0.0427142 0.0917333 -0.0603095 -0.768074 -0.315263 -0.664474 
-0.045301 -0.0954086 0.947002 -0.930045 0.374325 2.38637 
-0.0104047 -0.0644603 0.520421 -1.2765 0.431016 1.22229 
-0.0611696 -0.0988099 0.676501 -1.15905 0.7027 1.63119 
-0.0115953 -0.0486919 0.617604 -1.18217 0.193601 1.49138 
-0.0414829 0.100388 0.00277688 -0.168914 0.3967 -0.0871359 
-0.0124611 -0.0737145 1.00371 -0.9213 0.351445 2.45458 
0.00757123 0.00518755 0.617164 -0.44909 0.44885 1.35755 
0.0233626 -0.0260538 0.61604 -0.951869 0.16369 1.35284 
-0.0105098 -0.0462538 0.771296 -0.762633 0.696671 1.69794 
0.0641122 0.144647 -0.00252148 0.388912 -0.0587274 -0.583635 
0.00560139 -0.125454 0.963702 -1.32356 -0.0607977 2.38465 
0.00934059 -0.0348878 0.59672 -0.577577 0.388318 1.21583 
0.00827377 -0.0352318 0.693173 -0.588507 0.520608 1.42034 
0.0774135 -0.0182592 0.633149 -0.58347 -0.462288 1.27834 
0.0269832 0.102463 0.0184186 -0.278199 0.0378557 -0.303462 
-0.0454937 -0.0544333 1.02472 -0.485622 0.622745 2.52474 
0.0397222 -0.0162996 0.576166 -1.11196 -0.066177 1.06233 
0.0550254 0.0142256 0.710722 -0.950368 0.0848788 1.26274 
-0.0467989 -0.0489566 0.657997 -1.1833 0.531572 1.70317 
-0.0542769 0.0514351 0.0785579 0.171273 0.755716 -0.162464 
-0.0462222 -0.0780817 1.02413 -0.833846 0.258966 2.4412 
0.0415468 0.00236277 0.500426 -0.768577 -0.324445 1.14746 
0.00440209 0.00364355 0.637247 -0.881266 0.330624 1.56652 
-0.00872168 -0.0695655 0.674236 -0.884772 0.198688 1.41253 
0.0123304 0.0330092 0.0544326 -0.490303 0.277328 -0.672709 
-0.0480716 -0.054351 0.910131 -1.00296 0.429861 2.53683 
0.195594 0.0808664 0.569223 -0.361937 -0.658009 0.425425 
-0.045426 -0.0482888 0.581564 -1.05971 0.460117 1.71832 
-0.0109428 -0.0474847 0.693987 -0.976075 0.446033 1.48427 
-0.00380336 0.0504428 -0.0388712 -0.160432 0.97933 -0.272013 
0.0394112 -0.0031435 0.982723 -0.406823 -0.034523 2.16713 
0.0249893 -0.0235717 0.654187 -0.626717 0.47184 1.35601 
-0.0788864 -0.109488 0.658172 -1.32225 0.746473 1.70428 
-0.0271837 -0.0373109 0.618985 -0.791204 0.478974 1.64412 
0.00574985 -0.039664 0.769681 -0.941156 0.226278 1.3944 
0.00911888 -0.0749999 0.691835 -0.826836 0.524621 1.27487 
0.0206403 -0.175737 1.25121 -1.64861 0.233896 2.92878 
0.0423021 0.0316452 0.38261 -0.623502 0.402301 0.376195 
0.0426563 -0.0576847 0.710402 -0.827465 0.00686806 1.33979 
-0.0452221 -0.0912654 0.73403 -1.22209 0.418523 1.76321 
0.022914 -0.0270288 0.673368 -0.965617 0.1706 1.34145 
-0.0346094 -0.148742 1.15912 -1.99868 0.235731 3.14769 
-0.043403 0.0577462 0.292673 -0.324711 0.609189 0.819709 
0.0251851 -0.0475273 0.634488 -0.865097 0.0435177 1.27623 
-0.0117901 -0.0478525 0.789512 -0.994354 0.580117 1.46801 
0.00445516 0.0222454 0.676138 -0.666008 0.270984 1.63163 
0.0391574 -0.106045 1.23241 -0.915584 0.0568104 2.86064 
0.00656247 0.00996556 0.325932 -1.06256 0.429011 0.302705 
-0.0609635 -0.0584418 0.716024 -0.710098 0.823947 1.77443 
-0.0294307 -0.079298 0.71415 -1.37015 0.434299 1.69512 
-0.043226 -0.0840603 0.713861 -0.876639 1.08926 1.56515 
0.00102723 -0.147247 1.19604 -1.7841 0.148398 3.14956 
0.00929254 0.011557 0.307702 -0.615681 0.54365 0.535277 
-0.0286534 0.0190854 0.772944 -0.372461 0.430936 1.61114 
-0.0304789 -0.0196695 0.715231 -1.02 0.430075 1.69255 
-0.044427 -0.0894069 0.733066 -1.11491 0.603209 1.54784 
-0.0311498 -0.146619 1.2937 -1.25415 0.672342 3.36065 
0.0440007 0.0262841 0.401788 -0.43147 -0.0875761 0.364164 
0.0399284 -0.0191403 0.634444 -1.01773 -0.245867 1.26896 
0.00537724 -0.0181977 0.75122 -0.812774 0.344535 1.47365 
0.00617458 -0.0194122 0.674824 -0.803712 0.0901886 1.4834 
0.00319829 -0.127701 1.17666 -1.34729 0.0817263 3.00793 
0.0453975 0.00767501 0.362883 -0.431575 -0.0298512 0.301701 
0.00507544 -0.0746545 0.711893 -1.35964 0.591201 1.4866 
-0.030023 -0.0145992 0.67786 -0.879688 0.851699 1.93176 
0.0440269 -0.053944 0.709401 -0.605756 0.374446 1.12982 
-0.0646185 -0.145588 1.17938 -1.23795 0.872906 3.15856 
-0.0415359 -0.0193006 0.328157 -0.691372 0.927279 0.52929 
-0.0955228 -0.0816871 0.67939 -0.935866 0.726684 1.91784 
-0.0630181 -0.0981954 0.714712 -1.37874 0.831789 1.62368 
-0.0473245 -0.0492566 0.638905 -1.28861 0.468943 1.70429 
0.0543679 -0.153115 1.24874 -1.64081 0.207693 2.56683 
-0.0265366 0.00782797 0.367263 -0.740562 0.578466 0.735159 
-0.00996243 0.0310383 0.753038 -0.0902045 0.442883 1.54833 
0.00615882 0.0240526 0.790706 -0.249291 0.648674 1.62229 
0.0231201 0.0133393 0.712891 -0.516664 0.291846 1.48469 
0.000771126 -0.145988 1.15689 -1.88754 0.207825 2.93642 
-0.00832121 0.0210631 0.309134 -0.5544 0.648046 0.679981 
-0.0261878 -0.0954486 0.712466 -1.05245 0.801968 1.41505 
-0.0423486 -0.0689301 0.771906 -0.569972 0.724546 1.62098 
0.041452 -0.0368421 0.65283 -0.917055 0.00166014 1.20051 
0.0703706 -0.0436244 1.23221 -0.877264 0.0267169 2.8623 
0.0470764 0.00866647 0.306469 -0.195324 -0.0404701 0.536506 
-0.0119462 -0.0866384 0.73086 -1.43409 0.579133 1.33128 
-0.0266072 -0.0585449 0.771157 -0.727242 0.620059 1.54637 
0.0430049 -0.0166653 0.672578 -0.477425 0.0603683 1.27477 
-0.0154116 -0.153253 1.23493 -1.61746 0.747758 3.22746 
0.025264 -0.000175325 0.40276 -0.80242 0.388653 0.589684 
-0.00446178 -0.0084278 0.771678 0.429589 0.501986 1.63044 
-0.0139163 -0.0297756 0.675614 -1.2919 0.20042 1.55008 
0.0234927 -0.00812698 0.731352 -0.645047 0.173589 1.40544 
-0.000498713 -0.126472 1.25309 -1.78666 0.339903 2.99289 
0.00879085 -0.00801982 0.326139 -0.844688 0.610201 0.458783 
