-0.00891564 -0.119875 0.717766 -1.1179 -0.78578 2.78313 
-0.0553398 0.0601703 0.0858975 0.300166 -0.361943 1.43121 
0.0136311 0.0988414 0.141124 0.62593 -0.967241 1.34997 
0.00334259 -0.170596 0.0968305 -0.746715 -0.967436 0.925431 
-0.100064 -0.0110839 -0.168006 0.202826 -0.487971 3.24295e-005 
-0.00710371 -0.119255 0.63948 -1.00901 -0.853648 2.35673 
-0.0533301 -0.059434 0.0627907 -0.520134 -0.412536 0.995914 
-0.018319 -0.0614029 0.118874 -0.429304 -0.803024 0.985869 
-0.00469557 -0.0519617 0.176392 -0.808127 -0.900479 1.118 
-0.0161607 0.0411881 -0.26732 0.0802195 -1.15023 -0.348824 
-0.0726994 -0.159223 0.622449 -0.808373 -0.309814 2.43563 
-0.0708034 -0.0894125 0.0810639 -0.814375 -0.237791 0.770614 
-0.0013234 -0.070278 0.156566 -0.487767 -0.78204 1.05706 
-0.0353727 -0.0929674 0.273661 -0.408529 -0.559124 1.40163 
-0.033278 0.0131155 -0.248158 -0.092143 -0.79439 -0.347951 
-0.00689755 -0.122096 0.697758 -0.914786 -1.03334 2.56336 
-0.00180955 -0.046902 0.0216102 -0.56174 -0.672102 0.714907 
-0.0342133 -0.0935543 0.118992 -0.505729 -0.879424 0.982342 
-0.0569374 -0.040838 0.21818 -0.633453 -0.27522 1.4799 
-0.0304575 -0.0263599 -0.230417 -0.0100068 -0.729664 -0.491898 
-0.0773945 -0.139992 0.699578 -1.24311 -0.236535 2.48793 
0.0178566 -0.0567904 0.115677 -0.21099 -0.646244 0.559223 
-0.00205201 -0.0507177 0.137217 -0.481262 -0.844882 0.910144 
-0.00443644 0.00700823 0.254806 -0.143915 -0.838873 1.32635 
-0.205111 -0.0512032 -0.258295 -0.322817 0.201072 0.520952 
-0.040641 -0.179779 0.639668 -1.36311 -0.636832 2.35519 
-0.0198718 -0.0815797 0.0991259 -0.868935 -0.861732 0.911607 
-0.0373326 -0.0503073 0.10119 -0.573961 -0.576451 1.13445 
-0.0196553 -0.0633054 0.235383 -0.442103 -0.792791 1.40464 
0.00221897 -0.00433823 -0.271079 -0.212835 -0.881125 -0.851616 
-0.0246936 -0.129026 0.678441 -1.07143 -0.620073 2.42382 
-0.0187812 -0.0573037 0.0214468 -0.626973 -0.563907 0.566101 
-0.0185803 -0.160509 0.134648 -1.35012 -0.726535 0.615788 
-0.0552441 -0.103355 0.273525 -0.904071 -0.447099 1.24755 
-0.0494784 -0.0193597 -0.268059 -0.281228 -0.931625 -0.571135 
-0.0404381 -0.15643 0.62117 -1.1202 -0.335683 2.43984 
0.0148822 -0.0591738 -0.0361484 -0.830981 -1.15099 0.791568 
0.0148197 -0.000271642 0.156884 -0.0797363 -0.892667 0.982532 
-0.0374481 -0.0532158 0.274086 -0.392702 -0.559428 1.32369 
0.00182874 0.0704441 -0.211026 0.451326 -1.25185 -0.577576 
-0.0559472 -0.148797 0.623539 -0.735791 -0.419803 2.8052 
-0.017474 -0.0579622 0.0987802 -0.312907 -0.498075 0.77701 
-0.0386024 -0.030791 0.197385 -0.473075 -0.444373 1.19092 
-0.0193754 -0.0406319 0.293305 -0.107628 -0.422102 1.47678 
-0.0482482 0.0238656 -0.285901 0.296002 -0.634397 -0.411106 
-0.0595516 -0.148499 0.641745 -1.28329 -0.349635 2.57539 
-0.001207 -0.047277 0.117123 -0.364864 -0.539933 0.701285 
-0.1562 -0.159257 0.0860257 -1.09374 0.47553 1.50466 
-0.0552388 -0.0461991 0.237358 -0.441421 -0.765098 1.46787 
-0.0627666 0.00940155 -0.304196 0.54921 -0.962154 -0.340896 
0.0462226 -0.104824 0.599175 -0.713584 -0.93403 2.30454 
0.0146874 -0.0583344 0.13576 -0.643167 -0.76447 0.768198 
-0.037587 -0.130599 0.171254 -1.41876 -0.487883 -0.0573812 
-0.0732132 -0.0677707 0.193561 -0.946002 0.149019 0.163766 
-0.067631 0.0729408 -0.291443 0.0991649 -0.514041 -2.11317 
-0.0453402 -0.0185037 0.671176 -1.04079 -0.313754 0.0596288 
-0.00590963 0.111697 0.124944 -0.299128 -0.453409 -2.70243 
-0.00671424 0.108817 0.181383 -0.434755 -0.627597 -2.93999 
-0.00926433 0.126734 0.295794 -0.565589 -0.612074 -3.11345 
-0.0376064 0.291896 -0.319242 0.760731 -0.778802 -4.84551 
-0.0279887 0.0319485 0.697918 -1.05979 -0.271763 -2.74444 
0.0405458 0.204556 0.0208265 -0.777082 -0.704107 -4.67863 
0.00802008 0.164165 0.156307 -0.597168 -0.233663 -4.40251 
-0.0277861 0.164275 0.101188 -0.795178 -0.0278613 -4.17709 
-0.00550391 0.316903 -0.288164 0.411473 -0.482141 -6.31609 
0.00315447 0.113858 0.67559 -1.03702 -0.359318 -3.55202 
0.0238466 0.255941 0.0398722 -0.279677 -0.352821 -5.04649 
-0.0270079 0.161016 0.135742 -0.843008 -0.261213 -5.07322 
-0.0294092 0.256833 0.270093 -0.305945 -0.372305 -5.40115 
-0.074243 0.310969 -0.307437 0.262304 -0.481907 -6.99365 
0.00386301 0.115369 0.653681 -1.04984 -0.233674 -4.20783 
0.00723797 0.223051 0.113644 -0.501739 -0.352385 -5.72748 
-0.0438338 0.168285 0.116253 -0.801113 -0.400667 -5.3717 
-0.0124905 0.205424 0.250121 -0.810698 -0.721797 -5.25406 
0.0522957 0.379905 -0.426462 1.43452 -1.80059 -7.25686 
-0.0847856 0.217151 0.680187 -0.423769 -0.202089 -3.72232 
0.0111284 0.200939 0.0929539 -0.202631 -0.599852 -6.01735 
-0.0262169 0.175799 0.172842 -0.656351 -0.684966 -5.45782 
-0.0590559 0.130988 0.268346 -0.715663 -0.703893 -5.62917 
-0.123074 0.314187 -0.286497 0.719468 -0.654919 -7.08322 
-0.113801 0.108717 0.641862 -0.601819 -0.849457 -3.65471 
-0.108707 0.174741 0.100512 -0.191417 -1.14896 -5.3226 
-0.232687 0.118854 0.145735 -0.918839 -0.644646 -4.54363 
-0.17966 0.187092 0.334907 -0.0198287 -0.88654 -4.86484 
-0.170416 0.333184 -0.167475 1.70862 -1.07097 -6.67763 
-0.26754 0.105485 0.666683 -0.385572 -0.75048 -3.76738 
-0.227767 0.234775 0.180544 0.579541 -0.89052 -5.87587 
-0.279925 0.200736 0.238346 0.262912 -0.74371 -6.1183 
-0.262051 0.261846 0.274229 0.717182 -1.64199 -6.8791 
-0.347126 0.436996 -0.24905 1.28502 -1.15454 -10.0374 
-0.290543 0.305731 0.651833 -0.419943 -1.34713 -8.44417 
-0.203481 0.490669 0.218563 0.285166 -1.23975 -11.3639 
-0.0861517 0.552314 0.058689 -0.0217817 -1.38062 -12.1251 
-0.00187918 0.609358 0.262152 0.227629 -1.02394 -13.17 
0.0692423 0.840834 -0.340245 1.36031 -1.38942 -15.7763 
0.0947752 0.576741 0.656305 -0.713525 -0.496901 -13.8079 
0.167681 0.733123 0.0921344 0.189074 -0.366777 -16.0369 
0.25393 0.767295 0.105792 0.35667 -0.64755 -16.6886 
0.218996 0.768589 0.126129 0.357403 -0.187522 -16.6911 
0.174724 0.879718 -0.376656 1.44594 -0.411236 -18.9637 
0.197218 0.725204 0.604977 -0.160558 -0.511673 -16.5795 
0.270446 0.858538 0.0783967 0.60444 -0.620069 -18.8943 
0.237487 0.816915 0.136568 0.570912 -0.400264 -18.8318 
0.202949 0.850619 0.290224 0.959814 -0.416718 -19.1652 
0.170899 0.995895 -0.326367 1.51416 -0.573902 -21.1987 
0.218549 0.81412 0.671239 0.800323 -0.537073 -19.2378 
0.202946 0.969498 0.0357184 1.31459 -0.865081 -21.1214 
0.118057 0.92478 0.191375 1.27105 -1.29551 -21.1798 
0.0808204 0.918545 0.211862 0.813664 -1.56705 -21.2039 
0.120642 1.10248 -0.34953 2.12408 -2.33336 -23.3134 
0.05979 0.857645 0.59911 0.346089 -1.84935 -20.0395 
0.118356 0.95577 -0.00187027 1.15905 -2.47689 -21.9093 
0.147412 0.950362 0.190818 0.589747 -2.97346 -21.2942 
0.112071 1.0066 0.272391 1.15017 -2.88574 -20.6538 
0.117903 1.09192 -0.422959 1.58254 -3.50755 -22.6683 
0.0466573 0.818682 0.525685 0.602647 -2.7399 -19.3793 
0.0792179 0.946773 0.079688 0.602782 -2.93159 -21.067 
0.114067 0.907297 0.156281 0.482015 -3.07601 -20.5586 
0.116022 0.900677 0.214608 0.77749 -3.62531 -20.3575 
0.0160316 1.04418 -0.398533 1.54643 -3.36102 -22.1758 
0.041564 0.845298 0.528212 0.0466208 -4.02595 -19.0508 
0.0145748 0.931112 0.159755 1.18301 -3.7304 -20.8889 
-0.0379116 0.912953 0.0845764 0.779294 -4.21263 -21.0483 
-0.0582253 0.935631 0.25781 0.682088 -4.4535 -21.0966 
-0.118861 0.999893 -0.396575 1.42051 -4.52658 -22.9708 
-0.148677 0.888144 0.591036 0.211086 -4.87013 -19.8699 
-0.140327 0.95606 0.0505479 1.17367 -4.99237 -21.3063 
-0.160204 0.903742 0.148329 0.551544 -4.93423 -20.7418 
-0.162974 0.921684 0.263667 0.428059 -4.9205 -20.6945 
-0.165912 1.07735 -0.468412 2.67449 -5.39612 -22.7614 
-0.16309 0.797595 0.667383 -0.00204224 -4.69167 -19.6572 
-0.156912 0.889174 0.127515 0.878461 -4.4463 -21.0153 
-0.158903 0.869045 0.10962 0.453528 -4.50859 -20.648 
-0.158178 0.882501 0.300487 0.830661 -4.79506 -20.8369 
-0.102705 1.04473 -0.374955 1.7083 -5.12854 -22.4704 
-0.162685 0.801084 0.649142 0.129053 -4.39031 -19.4245 
-0.0722554 0.902609 0.0850794 0.625655 -4.91654 -21.2949 
-0.142161 0.878448 0.166185 0.497664 -4.60809 -20.7314 
-0.159958 0.901461 0.242953 0.626542 -4.98316 -20.9816 
-0.154589 1.06941 -0.373376 1.85619 -5.17767 -22.7068 
-0.233759 0.834365 0.594875 0.0222882 -4.52293 -19.5128 
-0.143699 0.974376 0.0703735 0.853313 -5.11081 -21.2454 
-0.179272 0.969389 0.169083 0.831875 -5.13542 -20.8323 
-0.212085 0.945437 0.207929 0.905476 -5.16327 -20.9196 
-0.20632 1.07264 -0.35241 1.88305 -5.34686 -22.8016 
-0.283142 0.816425 0.653381 0.241228 -4.74966 -19.6854 
-0.227923 0.94208 0.0566655 1.0154 -4.64906 -20.5856 
-0.17711 0.929985 0.189603 0.936057 -5.07608 -20.314 
-0.196892 0.936964 0.268433 0.766566 -5.08491 -19.969 
-0.205854 1.03553 -0.4265 1.69708 -5.23666 -22.0461 
-0.213735 0.82331 0.6144 0.396796 -4.75501 -19.2172 
-0.229154 0.942063 0.0557523 0.792897 -4.64535 -20.809 
-0.195346 0.937821 0.206472 0.743571 -5.08285 -21.0615 
-0.249016 0.982735 0.229679 0.91548 -5.07303 -20.7873 
-0.240361 1.08881 -0.408665 1.99075 -5.50909 -22.9505 
-0.333849 0.865724 0.598226 0.751089 -4.44192 -19.8268 
-0.296994 0.871754 0.0927883 0.265931 -5.00168 -21.5036 
-0.365966 0.891517 0.0805577 0.630956 -4.46733 -20.5468 
-0.332284 0.891741 0.273107 0.835552 -4.41905 -19.9103 
-0.251931 1.02106 -0.386262 2.47742 -5.16586 -21.9807 
-0.330539 0.828289 0.622402 1.21435 -4.20877 -18.4173 
-0.44694 0.789238 0.069545 0.933122 -3.09386 -18.8263 
-0.311298 0.8492 0.217516 1.14518 -3.98855 -19.0663 
-0.294775 0.815418 0.293763 0.841933 -4.39077 -18.8655 
-0.255925 1.00827 -0.419667 2.00438 -4.56256 -20.7129 
-0.248062 0.768602 0.738358 0.546806 -3.81074 -17.0122 
-0.153842 0.830132 0.157532 1.37462 -4.40851 -18.1359 
-0.153928 0.771857 0.121008 0.95043 -4.35203 -17.4634 
-0.138922 0.759872 0.198827 0.673076 -4.57324 -16.9663 
-0.0454542 0.903448 -0.457635 1.98582 -5.0621 -18.2228 
-0.0730202 0.699583 0.627565 0.664504 -4.54073 -14.1555 
-0.0855487 0.716163 0.127544 0.803556 -4.60982 -15.0187 
-0.0677006 0.628406 0.202611 0.278602 -4.45723 -14.8018 
-0.0864954 0.654703 0.245752 0.462658 -4.60075 -13.9351 
-0.0631431 0.774658 -0.41157 1.2966 -4.83801 -15.9428 
-0.158247 0.526996 0.653908 -0.290335 -4.1313 -12.4725 
-0.0196831 0.699762 0.10894 0.300602 -4.91608 -14.1989 
-0.0877693 0.637107 0.150472 0.053342 -4.54789 -13.7706 
-0.0868805 0.57171 0.262256 -0.352902 -4.89396 -14.2406 
-0.0996334 0.781964 -0.487758 1.00639 -3.95585 -16.1415 
-0.093347 0.626198 0.649221 -0.275535 -4.73481 -13.4359 
0.0159364 0.782557 0.143863 1.06962 -4.81958 -15.0046 
-0.0888062 0.659417 0.186536 0.045305 -4.23254 -14.3623 
-0.121975 0.63356 0.224493 -0.00297193 -4.44148 -14.6757 
-0.032 0.856568 -0.433898 1.31938 -4.92556 -16.7504 
-0.142944 0.580131 0.608838 -0.464784 -3.98301 -14.1574 
-0.0906523 0.74287 0.0843861 0.0503514 -3.98518 -16.26 
-0.072547 0.767143 0.181744 0.525694 -4.51751 -15.8422 
-0.0560843 0.753872 0.180386 0.235356 -4.9877 -15.9977 
-0.0865602 0.883029 -0.436949 0.899593 -4.77709 -18.0932 
-0.124729 0.608085 0.585044 -0.329165 -4.32988 -15.2621 
-0.103651 0.766837 0.103786 0.838439 -4.37291 -16.4908 
-0.0714532 0.76523 0.180841 0.61897 -4.70053 -16.0657 
-0.0704886 0.765482 0.198081 0.709584 -4.63431 -16.5084 
-0.101295 0.972025 -0.433807 2.07565 -4.68467 -17.8704 
-0.162668 0.685479 0.510766 -0.292404 -4.37224 -15.4124 
-0.173875 0.72431 0.162326 0.363301 -3.93489 -16.6586 
-0.138313 0.7435 0.180843 0.692355 -4.27167 -16.5856 
-0.155265 0.769955 0.237517 0.937631 -4.34179 -17.0446 
-0.150856 0.896235 -0.381026 1.59192 -4.71148 -19.1441 
-0.227778 0.680062 0.64427 0.286392 -4.05387 -16.1043 
-0.227216 0.788106 0.125205 0.524199 -4.10971 -17.1888 
-0.208176 0.774753 0.23844 0.751202 -4.38701 -17.3564 
-0.192931 0.822717 0.21996 0.827575 -4.74294 -17.2871 
-0.200589 0.9036 -0.455661 1.86611 -4.64896 -19.2119 
-0.263808 0.73633 0.609385 0.529934 -4.15736 -15.8907 
-0.174227 0.837487 0.140849 1.00826 -4.54951 -17.7774 
-0.20755 0.778218 0.219272 0.874949 -4.08385 -17.3445 
-0.189784 0.747269 0.237228 0.692635 -4.3083 -17.3476 
-0.184098 0.901337 -0.476309 1.72733 -4.08059 -19.3392 
-0.213162 0.750751 0.56818 0.387704 -4.23212 -16.1689 
-0.212569 0.765087 -0.0698465 -0.366568 -3.91843 -17.8122 
-0.222645 0.735 0.180363 0.826228 -3.36713 -17.3941 
-0.123219 0.817774 0.214678 0.857861 -3.87654 -17.7634 
-0.152283 1.00659 -0.399751 2.31725 -3.67757 -19.4145 
-0.175835 0.759128 0.564909 0.835077 -3.70956 -16.5848 
-0.0507148 0.898752 0.0773603 1.76615 -4.56766 -18.3209 
-0.207886 0.783224 0.179136 0.778061 -3.65493 -17.7702 
-0.188144 0.795777 0.197414 1.27094 -3.51772 -17.8353 
-0.236064 0.869532 -0.514984 1.321 -3.88126 -19.7834 
-0.240913 0.715365 0.547013 1.01446 -3.53163 -16.7348 
-0.271912 0.78327 0.180669 1.5228 -3.05081 -17.9859 
-0.224226 0.853535 0.257091 1.60338 -3.30245 -17.8533 
-0.239299 0.800892 0.218342 1.41233 -3.50401 -17.9247 
-0.201732 0.931914 -0.516136 1.78228 -3.91339 -19.9972 
-0.277969 0.771848 0.644926 1.22785 -3.37207 -16.7631 
-0.202551 0.797146 0.044287 1.42237 -4.47094 -18.1235 
-0.225634 0.787728 0.10332 0.611995 -4.16887 -17.8473 
-0.289077 0.707333 0.162285 0.888371 -3.55519 -17.703 
-0.21737 0.898504 -0.476869 1.8093 -4.04921 -19.7876 
-0.27762 0.72645 0.644614 0.868432 -3.92044 -16.7014 
-0.209662 0.862413 0.160867 1.13471 -3.722 -17.9197 
-0.192818 0.828698 0.122495 0.744436 -4.32093 -17.7015 
-0.257861 0.786773 0.220107 1.13273 -3.76519 -17.6428 
-0.269466 0.88409 -0.435651 1.73638 -3.97254 -19.512 
-0.27629 0.686422 0.626023 0.754642 -3.98456 -16.4016 
-0.242999 0.835089 0.105188 1.00488 -4.2515 -17.7807 
-0.259953 0.806688 0.221716 1.04409 -3.76708 -17.3519 
-0.278371 0.813314 0.279587 0.969746 -3.83687 -17.4447 
-0.235996 0.966404 -0.434281 2.33152 -4.01026 -19.2115 
-0.259086 0.801259 0.590295 1.75647 -3.67949 -16.0888 
-0.0335704 0.924568 0.153748 2.02086 -4.97423 -18.3408 
-0.205807 0.760492 0.236732 0.968276 -3.83453 -17.6337 
-0.223122 0.809435 0.21947 1.37038 -3.7969 -17.5605 
-0.231129 0.849299 -0.418327 2.05887 -3.75642 -19.4202 
-0.310573 0.712039 0.570534 1.01204 -3.2303 -16.308 
-0.255852 0.812021 0.202484 1.71268 -3.28486 -17.3293 
-0.24029 0.779781 0.257762 1.1888 -3.56131 -17.5662 
-0.238135 0.77949 0.239569 1.52114 -3.62957 -17.339 
-0.168473 0.975139 -0.475126 2.15661 -3.82531 -19.1848 
-0.241132 0.67218 0.566695 0.667083 -3.83436 -16.4506 
-0.208103 0.823384 0.0858744 1.04202 -3.79482 -17.3877 
-0.149605 0.794185 0.158871 1.81771 -4.04792 -17.603 
-0.24178 0.779228 0.22143 0.992873 -3.69016 -17.1224 
-0.235296 0.908965 -0.416293 1.98606 -3.7586 -19.2073 
-0.277062 0.731611 0.493551 0.929061 -3.69732 -16.224 
-0.23897 0.761846 0.142437 1.09713 -3.57313 -17.6161 
-0.20308 0.745064 0.160481 1.20911 -3.53999 -17.4597 
-0.239937 0.721458 0.219386 0.749908 -3.50125 -17.3352 
-0.23977 0.875112 -0.283967 1.20789 -2.937 -19.3683 
-0.258041 0.724611 0.531193 1.20028 -3.49536 -16.1448 
-0.221692 0.815781 0.143864 1.62975 -3.31955 -17.311 
-0.242848 0.845209 0.146918 1.38724 -3.21513 -16.8781 
-0.186913 0.752585 0.217083 1.13872 -3.82237 -17.5485 
-0.21598 0.881174 -0.436611 2.03734 -3.74444 -19.1948 
-0.256023 0.722391 0.511185 1.4034 -3.74292 -16.3646 
-0.23759 0.723401 0.104716 0.992558 -3.51699 -17.3098 
-0.154573 0.794838 0.198036 1.17506 -3.9168 -17.395 
-0.223235 0.77351 0.22085 1.168 -3.43056 -17.0355 
-0.215872 0.845225 -0.436158 1.82761 -3.37631 -18.8906 
-0.221985 0.689203 0.509419 1.08965 -3.40079 -16.2743 
-0.151101 0.822895 0.121195 1.86859 -3.25689 -17.5063 
-0.152064 0.799526 0.256164 1.7274 -3.36492 -17.1668 
-0.188998 0.776595 0.238649 1.17664 -3.39572 -17.0298 
-0.163176 0.912324 -0.437987 2.43349 -4.06735 -19.1873 
-0.240105 0.735265 0.548596 1.35613 -3.53734 -16.4387 
-0.236223 0.740066 0.141779 1.29374 -3.75785 -17.689 
-0.191883 0.849506 0.181368 1.18688 -4.13684 -17.4114 
-0.223843 0.789882 0.238833 1.14872 -3.73214 -17.4162 
-0.251589 0.92063 -0.396733 2.25983 -3.40689 -19.2791 
-0.256675 0.741276 0.568255 1.50147 -3.73622 -16.524 
-0.185392 0.831152 0.160589 1.9302 -4.02044 -17.6878 
-0.225956 0.846094 0.260934 1.38982 -4.04311 -16.9892 
-0.292978 0.743647 0.300201 0.896879 -3.66911 -16.9271 
-0.250536 0.874948 -0.415224 2.01761 -4.0216 -18.9928 
-0.309519 0.709566 0.533286 1.12454 -3.54407 -16.0851 
-0.221095 0.808237 0.143987 1.60194 -4.05495 -17.3274 
-0.240882 0.758062 0.258983 0.969803 -3.74579 -17.2027 
-0.291777 0.748994 0.280997 1.13515 -3.18307 -16.9098 
-0.216875 0.91936 -0.416143 2.26645 -3.86871 -19.0559 
-0.293302 0.761878 0.552003 1.41809 -3.40525 -16.2307 
-0.207804 0.776403 0.104692 0.673386 -4.46346 -17.3325 
-0.255493 0.787737 0.28015 1.68587 -3.5846 -16.9811 
-0.275115 0.771996 0.299205 1.1672 -3.96054 -17.1499 
-0.236072 0.92387 -0.491945 1.88523 -4.38074 -19.1356 
-0.276856 0.728771 0.55183 1.02329 -3.87701 -16.0174 
-0.241861 0.836036 0.164318 1.33551 -4.0672 -17.3425 
-0.257119 0.785255 0.242003 1.36071 -3.89275 -16.9843 
-0.256721 0.784648 0.203805 1.36525 -4.01992 -16.9794 
-0.340196 0.863401 -0.373699 1.51698 -3.35902 -18.9392 
-0.173038 0.852218 0.528262 1.93776 -4.39951 -16.6634 
-0.276516 0.796702 0.12788 1.01183 -3.79655 -17.0429 
-0.242749 0.835108 0.223499 1.33646 -4.06388 -16.9123 
-0.275732 0.742683 0.242245 0.884504 -3.04682 -16.8234 
-0.057596 0.906802 -0.538187 2.60133 -3.73602 -19.2044 
-0.189558 0.731804 0.511317 1.24601 -3.43617 -15.6804 
-0.0512015 0.829439 0.120133 1.48609 -3.52852 -16.8288 
-0.0514801 0.76893 0.180086 1.15159 -3.52456 -15.9545 
-0.0692303 0.776507 0.179703 1.08364 -3.59947 -16.2568 
-0.060438 0.811358 -0.534155 1.6479 -3.36881 -17.799 
-0.0712504 0.773909 0.489103 1.26414 -3.32657 -15.4263 
-0.0316174 0.79156 0.120857 1.68789 -2.53681 -16.2061 
-0.0157782 0.721765 0.194791 0.937724 -2.56361 -16.366 
0.000340951 0.811048 0.15758 1.46945 -2.80341 -16.363 
-0.060586 0.839969 -0.458153 1.99361 -2.38119 -17.9378 
-0.0858772 0.725314 0.468459 1.18495 -3.09601 -15.7115 
-0.0854393 0.713065 0.119192 0.580594 -2.93786 -16.8223 
-0.0694553 0.762584 0.198041 0.983069 -2.98232 -16.3197 
-0.119686 0.767391 0.199863 1.2343 -3.03316 -16.4054 
-0.11752 0.952049 -0.378437 2.12702 -3.46458 -18.2969 
-0.189712 0.796455 0.473174 1.72177 -3.01518 -15.8853 
-0.101459 0.770179 0.19737 1.24968 -3.87137 -16.9352 
-0.18968 0.795943 0.2039 1.32238 -3.53028 -16.2898 
-0.168345 0.786024 0.297027 1.88094 -3.50454 -16.6637 
-0.235403 0.930195 -0.45108 2.24633 -3.71027 -18.462 
-0.275256 0.73351 0.494427 1.26609 -3.51814 -15.9952 
-0.275558 0.821349 0.0720724 1.38115 -3.44148 -16.7272 
-0.293155 0.741158 0.262041 0.78688 -3.97918 -16.9277 
-0.290355 0.781188 0.281518 1.55348 -3.9226 -16.9988 
-0.338202 0.880457 -0.431236 1.84379 -3.73575 -19.0814 
-0.259622 0.779844 0.493224 1.31855 -3.99075 -16.3741 
-0.274841 0.873919 0.224226 1.98645 -3.85554 -17.2072 
-0.27427 0.775437 0.279111 1.2836 -3.65559 -17.3588 
-0.327222 0.779676 0.243689 1.1164 -3.83156 -17.2241 
-0.284407 0.932719 -0.472032 2.46348 -4.00137 -19.4324 
-0.360608 0.7361 0.533901 1.37961 -3.40852 -16.5368 
-0.308663 0.776775 0.183903 1.18995 -3.39048 -17.5646 
-0.308404 0.835745 0.262317 1.85417 -3.32887 -17.3563 
-0.270758 0.717636 0.276127 1.24844 -3.4668 -17.7897 
-0.266738 0.888755 -0.378449 2.28137 -3.41887 -19.5045 
-0.29027 0.761492 0.530104 1.72104 -3.46633 -16.8866 
-0.237273 0.759558 0.237047 1.38728 -3.62397 -17.8533 
-0.324244 0.749043 0.223998 1.35275 -2.97751 -17.1207 
-0.239183 0.839118 0.24065 1.87129 -3.63379 -17.3416 
-0.214637 0.960324 -0.455833 2.81694 -3.81354 -19.5598 
-0.274328 0.734997 0.471591 1.24592 -3.3907 -16.8718 
-0.293347 0.790025 0.125802 0.945808 -3.31707 -17.6251 
-0.289642 0.769775 0.221545 1.46118 -3.18852 -17.4854 
-0.291535 0.825962 0.242719 1.69492 -3.49769 -17.2791 
-0.373187 0.860076 -0.525223 1.53115 -3.65512 -18.9238 
-0.32743 0.777698 0.474803 1.40579 -3.62653 -16.8201 
-0.258176 0.770708 0.221229 1.04217 -3.39907 -17.2658 
-0.272936 0.722485 0.222456 1.09034 -3.11127 -16.8897 
-0.202697 0.744713 0.25692 1.41333 -3.40961 -17.2525 
-0.250332 0.868353 -0.529808 1.975 -2.93211 -18.7975 
-0.274707 0.800951 0.513537 1.95716 -2.72446 -16.2007 
-0.167706 0.792305 0.218655 1.90311 -3.0199 -17.0791 
-0.151957 0.763577 0.256618 1.51768 -2.99679 -16.8625 
-0.155499 0.826708 0.239484 1.56861 -2.69583 -16.6377 
-0.146993 0.898092 -0.437556 2.33071 -2.70432 -18.7098 
-0.203565 0.715935 0.47016 1.53737 -1.98259 -16.3007 
-0.0814959 0.795973 0.0998817 1.80442 -2.6431 -17.1738 
-0.237369 0.685542 0.221665 0.985186 -3.14054 -16.5841 
-0.137284 0.796734 0.200111 1.40004 -2.92718 -16.6295 
-0.0781924 0.875067 -0.51523 2.01415 -3.75122 -18.3338 
-0.174246 0.728034 0.395194 0.79582 -3.18286 -15.7994 
-0.0854362 0.773293 0.158458 1.14136 -2.81683 -16.827 
-0.137429 0.779063 0.219437 1.29292 -2.67953 -16.4798 
-0.10047 0.779644 0.199049 1.62186 -2.95858 -16.4693 
-0.0949342 0.885757 -0.438342 2.27418 -3.3926 -18.417 
-0.208424 0.70751 0.530431 0.872396 -2.71071 -15.674 
-0.119361 0.784479 0.143266 1.35331 -3.40977 -16.3294 
-0.137027 0.752267 0.258016 1.14876 -3.28755 -16.353 
-0.102389 0.771764 0.295638 1.36797 -3.55978 -16.2838 
-0.163723 0.820313 -0.454063 1.81161 -3.39711 -17.9881 
-0.187187 0.714469 0.434177 1.36496 -3.32273 -15.7326 
-0.170084 0.790825 0.241504 1.70813 -3.14543 -16.2052 
-0.155845 0.782616 0.201876 1.12045 -3.18836 -16.3476 
-0.138896 0.716025 0.23939 0.618566 -2.98014 -16.0503 
-0.13094 0.879538 -0.416942 2.0393 -3.66785 -18.2177 
-0.137988 0.745918 0.451006 1.21362 -3.57547 -15.9549 
-0.101192 0.833244 0.295742 2.04045 -3.38123 -16.4991 
-0.172306 0.792813 0.127801 1.31267 -3.15721 -15.9669 
-0.0999918 0.73208 0.180595 1.26511 -3.75619 -16.1884 
-0.114996 0.870063 -0.417434 1.77021 -3.77212 -18.1442 
-0.221639 0.655275 0.397996 0.929467 -3.05186 -15.2849 
-0.100813 0.795781 0.200707 1.73447 -3.33008 -16.184 
-0.141132 0.874767 0.22471 1.67438 -3.05893 -15.6854 
-0.0814041 0.673862 0.272483 1.08493 -2.6193 -16.5405 
-0.0771206 0.88258 -0.516293 2.24977 -3.01594 -18.5357 
-0.160882 0.843449 0.513235 1.45719 -2.55186 -15.2934 
-0.100903 0.778413 0.12174 1.40842 -3.20922 -16.683 
-0.150506 0.647208 0.198031 0.737858 -2.81224 -16.6225 
-0.120756 0.750028 0.238295 1.01733 -2.72097 -16.2595 
-0.0948104 0.869644 -0.439072 2.16892 -3.02289 -18.4816 
-0.120267 0.78688 0.412516 1.65207 -2.70987 -15.9221 
-0.150683 0.687927 0.141114 0.982587 -2.82137 -16.6864 
-0.170689 0.751064 0.240179 1.25465 -3.1395 -16.3533 
-0.10317 0.729514 0.256153 0.80449 -3.86392 -16.4324 
-0.115149 0.891506 -0.436821 1.89124 -3.65207 -18.2858 
-0.149779 0.716026 0.356461 1.70766 -3.60869 -15.7107 
-0.202507 0.692091 0.220297 1.11757 -2.80254 -16.5665 
-0.156242 0.78015 0.164642 1.0178 -3.50022 -16.1273 
-0.118838 0.701434 0.275302 0.847281 -3.50999 -16.4289 
-0.166099 0.873688 -0.491068 1.8227 -4.07718 -18.002 
-0.170701 0.681922 0.470348 0.950929 -3.66373 -15.9657 
-0.152397 0.700323 0.143773 0.873486 -3.56045 -16.1911 
-0.241354 0.718436 0.263204 0.775566 -3.75254 -16.0236 
-0.22673 0.706802 0.244584 0.293988 -4.10413 -15.7337 
-0.219023 0.875669 -0.43094 1.73784 -4.30388 -17.8864 
-0.256954 0.703884 0.476 1.21754 -3.69045 -15.5466 
-0.240253 0.720618 0.282259 0.995407 -3.50702 -16.0193 
-0.191098 0.764431 0.300808 0.942769 -4.49896 -15.9644 
-0.173173 0.655907 0.318842 0.205218 -4.53596 -15.5935 
-0.129107 0.885958 -0.433316 2.34191 -5.02589 -17.7268 
-0.22509 0.70421 0.437486 0.803061 -4.02818 -15.3221 
-0.22209 0.672043 0.203995 0.611582 -3.67873 -16.0762 
-0.137291 0.764655 0.260661 1.25481 -4.02854 -15.855 
-0.136611 0.690452 0.355265 0.903007 -3.33943 -15.7071 
-0.0951036 0.844154 -0.437789 1.93602 -3.57507 -18.1263 
-0.151196 0.65457 0.357284 1.04253 -3.78903 -15.2746 
-0.167801 0.689799 0.256362 1.09574 -3.25387 -16.7962 
-0.117385 0.761655 0.314554 1.6232 -3.39087 -16.431 
-0.120956 0.70049 0.33357 0.625728 -3.50295 -16.2221 
-0.14564 0.91194 -0.341288 2.73347 -3.12667 -18.6616 
-0.187647 0.735588 0.394771 1.37334 -3.26351 -16.0937 
-0.136264 0.812516 0.18081 1.6078 -3.35964 -16.7819 
-0.155231 0.838118 0.18206 1.55184 -3.62124 -16.7961 
-0.190419 0.657984 0.275639 0.0488593 -3.25806 -16.814 
-0.167452 0.996294 -0.395308 2.71907 -3.58218 -18.4542 
-0.204543 0.820781 0.396148 2.09048 -3.53137 -16.3259 
-0.223185 0.775092 0.20172 1.17722 -3.3103 -17.029 
-0.257523 0.771916 0.297612 1.24826 -3.14664 -17.2729 
-0.191348 0.757633 0.295297 0.727949 -3.20008 -17.1138 
-0.233097 0.89631 -0.436205 2.2197 -3.08766 -19.2573 
-0.344347 0.755955 0.417446 1.2703 -2.78963 -16.7931 
-0.275694 0.882721 0.184954 1.91082 -3.06072 -17.4041 
-0.289838 0.79373 0.241245 1.69956 -2.7602 -17.4056 
-0.259335 0.814504 0.357143 1.4941 -2.77784 -16.9099 
-0.265487 0.852475 -0.398028 2.17414 -3.1135 -19.4173 
-0.306999 0.798115 0.395579 1.93006 -2.88442 -17.2941 
-0.290364 0.836639 0.203397 1.94897 -2.52189 -17.4679 
-0.239115 0.807477 0.27646 1.64889 -2.76541 -17.6964 
-0.190024 0.776811 0.371446 1.14648 -3.13267 -17.2717 
-0.26718 0.935084 -0.319919 2.74892 -2.68249 -19.3515 
-0.258315 0.807169 0.49005 1.65128 -3.2521 -17.1655 
-0.236648 0.763023 0.21788 1.51103 -3.32082 -17.8414 
-0.307086 0.777675 0.24118 1.50589 -3.20259 -17.568 
-0.293548 0.748934 0.395628 1.00703 -2.98444 -16.9298 
-0.233531 0.968232 -0.436185 2.6465 -3.8257 -19.645 
-0.327753 0.800747 0.437212 1.54339 -3.38801 -16.7343 
-0.292819 0.807344 0.202915 1.25716 -3.43434 -17.5676 
-0.339713 0.757235 0.262712 1.71793 -2.93087 -17.2017 
-0.242749 0.741912 0.373811 0.74377 -3.17925 -17.0666 
-0.284601 0.860406 -0.377452 2.01105 -3.12745 -19.2818 
-0.326808 0.764143 0.397614 1.32349 -3.14347 -16.8667 
-0.272477 0.759294 0.277441 1.38615 -3.286 -17.6415 
-0.291309 0.830034 0.26175 1.81414 -3.06736 -17.272 
-0.242264 0.784861 0.337802 1.22304 -2.94644 -16.6847 
-0.218055 0.964134 -0.454942 2.40789 -3.44381 -19.3362 
-0.253818 0.751666 0.393355 1.76363 -3.01809 -17.1332 
-0.184714 0.826347 0.15966 2.08181 -2.54955 -17.7252 
-0.203299 0.851598 0.257349 2.23007 -2.68078 -17.5322 
-0.189122 0.74272 0.370936 1.04393 -2.57986 -17.1828 
-0.163783 0.962054 -0.401391 2.78758 -3.02052 -19.6873 
-0.238273 0.786007 0.412305 1.84474 -2.69425 -17.128 
-0.219579 0.779662 0.255216 1.69282 -2.74946 -17.9046 
-0.255604 0.779796 0.201023 1.50215 -2.54545 -17.4584 
-0.185198 0.702354 0.332299 1.24779 -2.70864 -17.0974 
-0.253161 0.926898 -0.358621 2.16858 -2.72721 -19.2731 
-0.306097 0.720816 0.413824 1.47278 -2.63255 -17.1418 
-0.216895 0.753482 0.332892 1.98179 -3.23592 -17.5566 
-0.276491 0.840727 0.280106 1.54703 -3.10731 -17.3504 
-0.244918 0.762502 0.298999 0.563566 -3.25067 -16.7632 
-0.234863 0.953405 -0.35774 2.55423 -3.20703 -19.057 
-0.29147 0.76941 0.434469 1.55198 -2.8631 -16.8567 
-0.427188 0.710123 0.210078 1.24836 -2.03795 -16.6042 
-0.292455 0.813345 0.223761 1.5056 -2.82471 -17.1136 
-0.173898 0.783772 0.391704 1.09532 -3.54581 -16.914 
-0.234694 0.90859 -0.320781 2.18294 -3.62643 -19.2209 
-0.308642 0.775796 0.358616 1.50044 -3.19415 -16.9284 
-0.360757 0.802497 0.130934 1.37364 -3.4519 -17.1273 
-0.342646 0.775504 0.280685 1.38288 -3.04572 -17.5823 
-0.223393 0.773115 0.432833 1.46661 -3.10527 -16.625 
-0.249538 0.900155 -0.434687 2.3677 -3.53577 -19.1235 
-0.274402 0.795901 0.434436 1.71512 -3.33921 -16.8641 
-0.2584 0.870074 0.222708 1.83845 -3.40743 -17.341 
-0.290936 0.808568 0.280211 1.68576 -3.18562 -17.3513 
-0.242659 0.75928 0.452777 1.06982 -3.30011 -16.5676 
-0.351591 0.835974 -0.43101 2.11367 -3.08037 -18.9153 
-0.306244 0.756205 0.377026 1.70174 -3.13143 -16.9996 
-0.22384 0.850111 0.278098 1.70949 -3.61111 -17.421 
-0.254198 0.812246 0.336182 2.12017 -3.02743 -17.3451 
-0.275389 0.718656 0.454547 1.05739 -3.08901 -16.2729 
-0.301514 0.882553 -0.356135 2.26899 -3.69783 -19.0817 
-0.341851 0.749379 0.360228 1.47139 -3.53385 -16.7954 
-0.271796 0.778287 0.221733 1.62703 -3.48152 -17.3393 
-0.29098 0.820932 0.28193 1.78446 -3.92482 -17.0741 
-0.311675 0.689764 0.418026 0.488034 -3.73495 -16.1457 
-0.303407 0.895532 -0.316205 2.14801 -4.30794 -18.8121 
-0.376767 0.724228 0.322704 1.12374 -3.81222 -16.8782 
-0.291532 0.799773 0.319496 1.54624 -3.97853 -17.1571 
-0.356545 0.81577 0.190829 2.22594 -4.00884 -16.6274 
-0.311196 0.74871 0.495513 1.1449 -3.67155 -16.1582 
-0.336572 0.813541 -0.297556 1.66553 -4.20938 -18.8929 
-0.446075 0.735732 0.385178 1.32267 -3.93822 -16.3944 
-0.291507 0.850576 0.358923 1.96467 -4.77579 -17.1836 
-0.362271 0.828049 0.305367 1.53636 -4.54007 -16.8197 
-0.328566 0.652498 0.571059 0.365678 -4.03805 -16.1851 
-0.320097 0.90473 -0.333879 2.31914 -4.26809 -18.6636 
-0.394626 0.712899 0.381722 1.05946 -3.7007 -16.5968 
-0.289527 0.837945 0.339938 2.20566 -4.10664 -17.0129 
-0.323837 0.779402 0.22641 1.67125 -3.90352 -16.7735 
-0.277279 0.748655 0.552499 1.14245 -3.87902 -15.9447 
-0.302026 0.920387 -0.239228 2.70233 -3.69173 -18.7356 
-0.307789 0.766994 0.397888 1.57607 -3.98898 -16.7316 
-0.288934 0.743302 0.280143 1.42968 -3.7357 -17.1389 
-0.220728 0.788049 0.24161 1.7017 -3.92616 -16.7514 
-0.239821 0.701806 0.587209 1.2564 -2.85915 -16.1339 
-0.264099 0.888204 -0.413894 2.73826 -3.55525 -18.832 
-0.358185 0.717275 0.362199 1.40966 -3.61384 -16.3574 
-0.306696 0.788197 0.244776 1.71992 -4.13018 -16.852 
-0.325138 0.814099 0.265119 1.76927 -4.32916 -16.8672 
-0.294192 0.770802 0.573816 1.4004 -4.4494 -15.7447 
-0.335698 0.811652 -0.297532 1.76616 -4.39419 -18.8956 
-0.341072 0.758272 0.381101 1.6615 -4.57812 -16.5275 
-0.361369 0.750749 0.323612 1.07908 -4.2882 -16.6674 
-0.360991 0.786438 0.305906 1.41335 -4.72446 -16.5264 
-0.331374 0.710016 0.555865 0.518029 -4.29318 -15.5296 
-0.338539 0.887424 -0.294781 2.01376 -4.768 -18.6155 
-0.399466 0.784538 0.480074 1.05972 -4.30621 -16.3437 
-0.305997 0.760702 0.358849 1.65998 -4.66686 -16.9584 
-0.324385 0.775262 0.321997 1.63907 -4.13714 -16.7979 
-0.295796 0.678963 0.5713 0.409425 -3.70193 -15.8765 
-0.320092 0.848597 -0.353187 1.88493 -3.96058 -18.431 
-0.343412 0.783541 0.363518 1.59598 -4.09205 -16.2219 
-0.292671 0.85726 0.303362 1.90639 -4.23378 -16.7198 
-0.342578 0.765867 0.265446 1.37978 -4.03573 -16.7172 
-0.297167 0.718431 0.553546 0.542442 -3.76858 -15.73 
-0.269071 0.901781 -0.336665 2.17509 -4.03257 -18.7933 
-0.327597 0.81944 0.362412 1.67896 -3.64615 -16.431 
-0.239059 0.736588 0.277431 1.05657 -3.86596 -17.2794 
-0.307496 0.772392 0.263151 1.50481 -3.69593 -16.9203 
-0.279749 0.73288 0.571814 0.719543 -3.44465 -15.7949 
-0.284236 0.893278 -0.335953 2.44689 -3.74519 -18.7133 
-0.32498 0.756616 0.398651 1.51819 -3.88258 -16.6596 
-0.34438 0.751044 0.226506 0.963267 -3.60647 -16.7768 
-0.288979 0.798875 0.263106 1.88311 -4.17396 -16.9251 
-0.31168 0.667926 0.649397 0.665606 -3.5297 -15.5937 
-0.320292 0.885477 -0.295423 2.20279 -4.1407 -18.5204 
-0.326759 0.775577 0.341116 1.31407 -4.07068 -16.8043 
-0.343428 0.748479 0.302951 1.15546 -3.72174 -16.7921 
-0.304919 0.752217 0.24429 1.71799 -3.76218 -16.7659 
-0.277396 0.655574 0.590045 0.477422 -3.19469 -15.64 
-0.283651 0.916275 -0.258012 2.89402 -3.31366 -18.4215 
-0.273874 0.793128 0.378097 1.72231 -3.71561 -16.6401 
-0.275301 0.796974 0.26343 1.43403 -3.54271 -16.6172 
-0.274178 0.83294 0.26389 1.86626 -3.91454 -16.698 
-0.329769 0.721923 0.593851 0.98552 -3.06674 -15.5047 
-0.27052 0.901788 -0.336652 1.95993 -4.03065 -18.7959 
-0.3398 0.728904 0.322274 1.57926 -3.66273 -16.6399 
-0.253649 0.729967 0.278106 1.4429 -3.39569 -17.194 
-0.308271 0.777446 0.224868 1.42262 -3.2706 -16.9045 
-0.276993 0.662135 0.647236 0.706637 -2.4543 -15.6324 
-0.232814 0.892794 -0.301506 2.40549 -3.19781 -19.0632 
-0.256233 0.751421 0.376129 1.45786 -3.08239 -16.6932 
-0.185097 0.818807 0.277181 2.16308 -3.09362 -17.0966 
-0.374864 0.712271 0.227299 1.27317 -3.2126 -16.6949 
-0.33073 0.680257 0.591637 0.410158 -3.24191 -15.879 
-0.269689 0.945621 -0.316297 2.53263 -3.60625 -18.6408 
-0.3066 0.754299 0.376137 1.57986 -3.31253 -17.2258 
-0.256224 0.790278 0.202779 1.48633 -3.46754 -17.1867 
-0.269195 0.782044 0.221644 2.07125 -3.11765 -17.3259 
-0.25891 0.647251 0.664069 0.614886 -3.04486 -16.0126 
-0.337413 0.883594 -0.353038 2.17911 -3.30402 -18.6415 
-0.357875 0.719393 0.378488 1.3923 -3.36102 -17.0181 
-0.326187 0.803648 0.264302 1.57728 -3.40694 -16.9209 
-0.324771 0.778686 0.30099 1.53296 -3.82848 -17.2302 
-0.311008 0.685897 0.649163 0.878047 -3.71472 -15.7445 
-0.372601 0.93311 -0.217744 2.56796 -3.75281 -18.9092 
-0.444498 0.779841 0.423699 1.99334 -3.4494 -16.4611 
-0.391119 0.691138 0.264592 1.15434 -4.07854 -17.0938 
-0.359057 0.774019 0.302321 1.5151 -3.98359 -17.2425 
-0.345736 0.68435 0.727779 0.973006 -3.43438 -15.5403 
-0.338273 0.915171 -0.391614 2.16431 -4.1651 -18.9517 
-0.378385 0.745934 0.437967 1.22932 -3.4327 -16.8201 
-0.342903 0.791988 0.303287 1.61549 -3.35818 -16.8566 
-0.290318 0.823162 0.302838 2.019 -3.68288 -16.6283 
-0.310082 0.63253 0.686182 0.651805 -3.03273 -15.7332 
-0.317694 0.892307 -0.22008 2.74512 -3.3378 -18.7321 
-0.323633 0.779634 0.36012 1.86359 -3.64418 -16.792 
-0.309724 0.790378 0.262945 1.28695 -3.87712 -17.0764 
-0.377023 0.725486 0.283556 1.0203 -3.75279 -17.0913 
-0.313153 0.707303 0.745334 0.878308 -3.39784 -15.6852 
-0.320698 0.925198 -0.295938 2.42642 -4.14113 -18.8165 
-0.343379 0.780005 0.379906 1.45019 -4.38982 -16.8962 
-0.396181 0.788991 0.287094 1.31064 -4.205 -16.742 
-0.428252 0.748296 0.286085 1.27617 -3.98852 -17.1097 
-0.383337 0.773757 0.751659 1.3127 -4.08557 -15.2062 
-0.319924 0.920144 -0.257654 2.50861 -4.56646 -18.8323 
-0.394232 0.768425 0.362832 1.4982 -4.13537 -16.8246 
-0.395109 0.796503 0.286031 1.54626 -3.46972 -16.9438 
-0.358107 0.794571 0.226556 1.75786 -4.05705 -17.1546 
-0.243841 0.669609 0.759638 0.530694 -3.75267 -16.047 
-0.30345 0.941253 -0.295874 2.62009 -3.69873 -18.6542 
-0.324528 0.81782 0.380588 2.09271 -3.76845 -16.653 
-0.327032 0.800207 0.284396 1.46089 -3.71189 -16.712 
-0.305624 0.79571 0.243713 1.95553 -3.39491 -17.0538 
-0.313901 0.690007 0.669147 0.574304 -3.28236 -15.5219 
-0.321093 0.869672 -0.277048 1.98769 -3.70645 -18.5888 
-0.33997 0.780547 0.533609 2.1855 -4.07347 -16.6897 
-0.342106 0.820717 0.322976 1.91007 -4.40086 -16.9574 
-0.394652 0.828444 0.269313 1.87397 -4.27547 -16.5901 
-0.397684 0.661418 0.826448 0.858526 -4.0862 -15.2924 
-0.405029 0.842433 -0.272588 2.08878 -4.64937 -18.3342 
-0.41446 0.771356 0.423557 1.21684 -4.57633 -16.2659 
-0.395473 0.805727 0.326936 1.63388 -4.45124 -16.4588 
-0.37731 0.777244 0.382125 1.55421 -4.36383 -16.6823 
-0.332132 0.727015 0.730357 0.825801 -4.27995 -15.0468 
-0.322495 0.881113 -0.333533 1.76311 -4.63174 -18.529 
-0.359742 0.753231 0.361759 1.40424 -3.98005 -16.6643 
-0.326507 0.800507 0.303488 1.5662 -3.64926 -16.7132 
-0.30724 0.814343 0.283544 1.96298 -3.45443 -16.7706 
-0.29428 0.622403 0.763036 0.481632 -3.06926 -15.4515 
-0.249926 0.878668 -0.299755 2.34105 -3.4609 -18.7786 
-0.289223 0.768189 0.358059 1.77619 -3.11936 -16.8443 
-0.25529 0.811086 0.261652 1.92878 -3.28345 -16.8965 
-0.272658 0.798218 0.224255 1.7609 -3.48711 -16.825 
-0.29605 0.705688 0.764724 0.964846 -2.70779 -15.3732 
-0.321661 0.871885 -0.257054 1.99972 -3.46081 -18.3664 
-0.357418 0.751335 0.36177 1.72002 -4.16677 -16.6644 
-0.358598 0.7529 0.341727 1.50673 -4.0428 -16.8813 
-0.391935 0.768785 0.267293 1.73163 -4.27137 -16.8056 
-0.398059 0.665865 0.749966 0.780866 -3.78804 -15.2717 
-0.390102 0.920614 -0.233269 2.52744 -3.89922 -18.1765 
-0.342472 0.759861 0.361984 1.45557 -4.45595 -16.5236 
-0.343647 0.818583 0.305774 1.70493 -4.64997 -16.5202 
-0.374197 0.699958 0.283885 1.21036 -4.307 -16.9515 
-0.403212 0.804784 0.736497 1.3019 -3.86459 -14.5433 
-0.370014 0.870749 -0.273324 2.45486 -4.13049 -18.2384 
-0.377247 0.796868 0.365542 1.79792 -4.43397 -16.1642 
-0.325806 0.813148 0.323373 1.76287 -4.32404 -16.6578 
-0.410568 0.719301 0.306782 1.23043 -4.03546 -16.4451 
-0.327937 0.7083 0.805117 1.33569 -4.02755 -15.3422 
-0.298767 0.89609 -0.161589 3.10583 -3.9953 -18.3822 
-0.339049 0.743127 0.323029 1.78514 -4.21724 -16.578 
-0.358615 0.776273 0.324155 1.75699 -3.74345 -16.5758 
-0.337959 0.767403 0.24535 2.02711 -3.91942 -16.9235 
-0.345277 0.663232 0.767185 0.964633 -3.4936 -15.1791 
-0.31971 0.891455 -0.275504 2.44388 -3.52927 -18.2872 
-0.337954 0.731363 0.359494 1.89706 -3.35279 -16.8575 
-0.289705 0.765376 0.29988 1.55353 -3.49026 -17.0645 
-0.288177 0.848038 0.263343 2.47159 -3.2598 -16.976 
-0.242778 0.73146 0.781613 1.33053 -3.51687 -15.6011 
-0.283381 0.874625 -0.259313 2.54116 -3.49254 -18.5724 
-0.305954 0.84998 0.38137 2.60679 -3.69768 -16.4235 
-0.324109 0.780916 0.321898 1.7675 -3.58654 -16.7844 
-0.272535 0.81205 0.319609 1.94115 -3.90575 -17.0003 
-0.328485 0.674217 0.80462 1.01799 -3.47283 -15.256 
-0.286808 0.884191 -0.315747 1.9869 -4.59881 -18.5206 
-0.374177 0.765304 0.287633 1.92614 -3.76793 -16.2756 
-0.306512 0.794782 0.302894 1.95648 -3.39158 -16.6236 
-0.340479 0.750047 0.283794 1.59498 -3.60531 -16.7803 
-0.363372 0.616864 0.766562 0.46717 -3.01357 -15.2471 
-0.283907 0.874325 -0.278405 2.43585 -3.55517 -18.5712 
-0.287717 0.78371 0.321505 2.10848 -3.61995 -16.5514 
-0.271107 0.778259 0.33819 1.94392 -3.29031 -16.9125 
-0.27181 0.818679 0.262182 2.08334 -3.36207 -16.9753 
-0.259962 0.725178 0.802333 1.39921 -2.98194 -15.3013 
-0.300039 0.868642 -0.2195 2.71516 -2.89498 -18.2737 
-0.238298 0.815135 0.337408 1.94979 -3.8709 -16.9945 
-0.272684 0.777359 0.280913 1.62798 -3.4782 -16.9092 
-0.305843 0.795733 0.24464 1.96288 -3.3967 -16.833 
-0.241294 0.713199 0.763654 1.45044 -3.40011 -15.2232 
-0.249919 0.882764 -0.279797 2.46761 -3.03236 -18.5508 
-0.321813 0.804442 0.435244 2.40321 -3.02438 -17.1571 
-0.25496 0.792133 0.3192 1.91774 -3.09343 -16.7544 
-0.252821 0.75678 0.24044 1.80956 -2.79138 -17.0974 
-0.275555 0.636194 0.858637 0.972799 -2.6795 -15.3055 
-0.199066 0.894344 -0.262724 2.41961 -3.28681 -18.6224 
-0.24816 0.814238 0.224252 3.03033 -3.05429 -16.6495 
-0.239615 0.843261 0.26246 2.01255 -3.20884 -16.6722 
-0.219429 0.799633 0.259578 2.05653 -2.76055 -16.9462 
-0.241193 0.663303 0.781518 1.13279 -2.41305 -15.2026 
-0.144828 0.847217 -0.305925 2.23566 -3.54228 -19.119 
-0.151462 0.799151 0.351677 1.92428 -3.23275 -17.1804 
-0.238919 0.768802 0.222427 1.46105 -2.77728 -16.7266 
-0.201446 0.751641 0.218585 1.66083 -2.8033 -17.2287 
-0.136951 0.723657 0.776037 1.57337 -3.23447 -15.858 
-0.317348 0.873098 -0.297169 2.53439 -3.40533 -18.7924 
-0.323583 0.824425 0.322235 2.22754 -3.22298 -16.8489 
-0.251721 0.788906 0.35558 2.31492 -3.3342 -17.2037 
-0.353539 0.724446 0.223692 1.85385 -3.13456 -17.4185 
-0.326755 0.696883 0.862529 1.56762 -3.10405 -15.1812 
-0.268149 0.904547 -0.280339 2.38305 -3.65808 -19.0147 
-0.288857 0.785836 0.337807 1.87597 -3.36522 -17.2148 
-0.310548 0.813942 0.377244 1.4997 -3.31292 -17.2337 
-0.219194 0.84939 0.353552 2.43917 -3.54552 -17.6464 
-0.364451 0.711767 0.843609 1.11861 -3.31638 -15.5664 
-0.355426 0.923651 -0.217323 2.52138 -3.86079 -18.6124 
-0.376771 0.82357 0.323257 1.91268 -3.81878 -17.1742 
-0.394388 0.772847 0.285424 1.41319 -3.83542 -17.0247 
-0.41005 0.801923 0.268406 1.91863 -3.79949 -16.8008 
-0.366 0.70861 0.881882 0.885017 -3.55499 -15.5821 
-0.390831 0.940174 -0.252619 2.53394 -3.96206 -18.3235 
-0.37726 0.822035 0.34424 1.91816 -3.94263 -16.7391 
-0.375075 0.75798 0.30317 1.54394 -4.42969 -17.1814 
-0.412531 0.838187 0.287072 1.80336 -4.10115 -17.1115 
-0.465598 0.637293 0.791996 0.851307 -3.97458 -14.9297 
-0.370275 0.92814 -0.293165 2.78562 -4.37856 -18.6842 
-0.373317 0.798433 0.228987 2.12836 -4.50887 -16.7974 
-0.373428 0.724166 0.320825 1.53936 -3.81246 -17.3144 
-0.324393 0.857584 0.264529 2.22196 -3.9638 -17.1525 
-0.313469 0.721182 0.842541 1.07326 -3.82006 -15.4189 
-0.337037 0.879147 -0.276556 2.25677 -3.60218 -18.6622 
-0.359021 0.815993 0.32364 1.98062 -3.74387 -16.8719 
-0.413352 0.785525 0.248609 1.27775 -3.48858 -16.8696 
-0.428252 0.834714 0.248573 1.98562 -3.38665 -17.2364 
-0.399408 0.689129 0.845173 0.888308 -3.28647 -15.4279 
-0.303244 0.938413 -0.237595 2.71431 -3.87842 -18.4475 
-0.341856 0.805512 0.379536 1.90559 -3.84136 -17.028 
-0.327066 0.818462 0.302342 1.55614 -3.83058 -17.0874 
-0.358601 0.77909 0.26495 1.65542 -3.56196 -17.0032 
-0.432042 0.664594 0.846747 0.973788 -3.44328 -15.2895 
-0.374397 0.889025 -0.255338 1.90465 -4.24342 -18.6217 
-0.342053 0.839319 0.361868 2.12533 -4.4605 -16.8923 
-0.357267 0.826161 0.306278 2.28979 -4.73242 -16.5937 
-0.426297 0.784885 0.325656 1.92637 -4.23689 -16.9719 
-0.50158 0.655007 0.832169 0.847459 -3.81971 -14.8713 
-0.388713 0.8547 -0.273375 2.04604 -4.57097 -18.4034 
-0.444476 0.813624 0.405104 2.20573 -4.06675 -16.5462 
-0.375242 0.776606 0.342987 1.76655 -4.49112 -16.8955 
-0.428144 0.825636 0.26968 1.96329 -4.2459 -16.8177 
-0.432844 0.615431 0.84651 0.385316 -4.35744 -15.2385 
-0.388739 0.833841 -0.216716 1.91313 -4.56205 -18.4876 
-0.446003 0.771098 0.347453 1.54428 -4.43531 -16.473 
-0.410572 0.775434 0.32609 1.66463 -4.34296 -16.6777 
-0.395832 0.786801 0.268026 1.30596 -4.45244 -16.7436 
-0.41482 0.709778 0.771915 1.27251 -4.17753 -14.9936 
-0.408049 0.845636 -0.309895 1.68426 -4.40681 -18.1057 
-0.414573 0.773266 0.307062 1.01448 -4.58465 -16.6873 
-0.463849 0.762585 0.347265 1.37842 -4.14231 -16.619 
-0.449259 0.812415 0.327835 1.34682 -4.31165 -16.7678 
-0.454007 0.683973 0.810851 0.370964 -4.38061 -15.0968 
-0.440859 0.838704 -0.213027 1.9639 -4.61456 -18.1343 
-0.443959 0.746528 0.289542 1.52558 -4.99273 -16.5452 
-0.429115 0.798172 0.384692 1.69555 -4.78245 -16.706 
-0.396285 0.798751 0.363418 1.37168 -5.05397 -16.9242 
-0.469067 0.712674 0.889346 1.07328 -4.21251 -14.8866 
-0.407274 0.860674 -0.138157 2.07061 -4.57301 -18.288 
-0.463873 0.738653 0.328492 1.14739 -4.57243 -16.478 
-0.393754 0.764069 0.325622 1.49617 -4.63204 -16.6071 
-0.395278 0.82498 0.288481 1.75022 -4.57863 -16.602 
-0.365346 0.643443 0.768136 0.334103 -4.30166 -15.1341 
-0.303865 0.878815 -0.237736 2.15636 -3.87407 -18.2268 
-0.322506 0.802675 0.322516 2.21635 -3.40757 -16.7036 
-0.306921 0.774274 0.263114 1.61934 -3.51304 -16.9149 
-0.28673 0.787802 0.224065 2.12597 -3.38275 -16.9686 
-0.275722 0.791225 0.729387 2.14283 -3.32463 -14.9288 
-0.316992 0.831795 -0.277524 2.30154 -3.52517 -18.5028 
-0.412092 0.838139 0.285219 1.78866 -4.09757 -17.553 
-0.460257 0.787454 0.307757 2.04616 -3.72114 -16.9641 
-0.407519 0.781961 0.264944 1.99257 -3.79402 -17.5332 
-0.468969 0.703686 0.864767 0.853773 -3.16107 -16.0376 
-0.418634 0.86307 -0.160469 2.89487 -3.24374 -19.0576 
-0.396331 0.835344 0.111768 1.35222 -3.85116 -17.6607 
-0.477015 0.763082 0.324078 1.86566 -2.99222 -17.6174 
-0.355729 0.796051 0.203707 1.95284 -3.93152 -18.0285 
-0.426881 0.729476 0.825804 2.18563 -2.96182 -15.9291 
-0.337368 1.05767 -0.294286 3.61751 -3.67772 -19.105 
-0.373312 0.790376 0.262625 2.01698 -3.26941 -17.7336 
-0.375015 0.808661 0.281511 1.90443 -3.38798 -17.8908 
-0.358164 0.895404 0.321671 2.63569 -3.74484 -17.6822 
-0.346249 0.736904 0.87902 1.3558 -3.84474 -16.2437 
-0.422169 0.838505 -0.219253 2.00821 -3.79169 -19.3612 
-0.44033 0.798145 0.209602 2.32278 -3.95996 -17.4587 
-0.463314 0.821836 0.326461 1.81636 -4.2057 -17.2802 
-0.40952 0.874097 0.285665 2.43605 -4.47131 -17.6312 
-0.519966 0.701305 0.887672 0.982048 -3.88634 -15.7018 
-0.38852 0.863762 -0.121558 2.1913 -5.3486 -18.819 
-0.462912 0.881457 0.327528 2.38166 -4.21184 -17.2801 
-0.51705 0.830106 0.30823 1.53853 -3.94584 -17.5826 
-0.443881 0.817045 0.266699 1.99054 -3.94943 -17.6234 
-0.398226 0.742418 0.805362 1.30766 -3.96499 -16.0988 
-0.42038 0.863776 -0.235949 2.59551 -3.31315 -18.827 
-0.425891 0.816357 0.226908 2.07613 -3.26271 -17.7416 
-0.341996 0.87298 0.282188 2.27978 -3.23888 -17.6603 
-0.375287 0.876501 0.206035 2.40597 -2.72826 -17.8619 
-0.292994 0.759178 0.857684 1.78435 -3.12709 -16.2807 
-0.263432 0.869112 -0.244507 2.79221 -3.16314 -19.3697 
-0.339669 0.818024 0.338323 2.25948 -2.67907 -17.6529 
-0.30385 0.777521 0.352992 2.00118 -3.00433 -18.2424 
-0.305897 0.835059 0.221327 2.0518 -3.45258 -18.0111 
-0.329675 0.761178 0.80254 1.48571 -2.73649 -16.0526 
-0.353187 0.868347 -0.182133 2.38107 -3.36002 -19.0454 
-0.343793 0.902048 0.321922 2.25671 -4.21691 -17.5468 
-0.375735 0.859188 0.302771 2.2249 -4.24966 -17.6954 
-0.426933 0.846724 0.229334 2.17947 -4.1868 -17.397 
-0.469589 0.714168 0.866524 0.837949 -4.08316 -15.7658 
-0.442318 0.880898 -0.176295 2.07503 -4.30121 -18.6533 
-0.462862 0.83983 0.327154 2.03615 -4.39251 -17.2102 
-0.480183 0.788409 0.364814 1.62088 -4.33782 -17.294 
-0.444304 0.79372 0.286124 1.75498 -4.25237 -17.4873 
-0.449345 0.703089 0.885121 1.20511 -4.31344 -15.6909 
-0.372651 0.888319 -0.179858 2.20402 -4.17401 -18.8523 
-0.387869 0.845432 0.209883 2.83155 -4.65437 -17.1659 
-0.409663 0.803366 0.361115 1.99283 -3.47713 -17.474 
-0.374028 0.827978 0.245822 2.25798 -3.52266 -17.369 
-0.396915 0.728835 0.844631 1.54225 -3.29072 -15.7187 
-0.32401 1.00942 -0.23602 2.80261 -3.58973 -18.526 
-0.358309 0.834524 0.359752 2.17384 -3.79813 -17.4691 
-0.374882 0.823515 0.32139 2.11313 -3.81711 -17.6131 
-0.393753 0.835262 0.226359 1.86956 -3.65828 -17.6728 
-0.449167 0.718844 0.808441 1.38432 -2.9141 -15.6432 
-0.334494 0.877227 -0.277472 2.5652 -3.7871 -18.8831 
-0.357058 0.841453 0.321417 2.42133 -3.19182 -17.4453 
-0.392103 0.775258 0.320791 1.71629 -3.52189 -17.6838 
-0.407818 0.785732 0.264882 2.00648 -3.42632 -17.5251 
-0.41546 0.691344 0.863968 1.01239 -3.85126 -15.7421 
-0.354554 0.881626 -0.123111 2.3654 -3.9075 -18.7768 
-0.464268 0.784264 0.344204 1.36757 -3.95234 -17.4266 
-0.410685 0.797436 0.343048 1.76644 -4.09215 -17.2657 
-0.430129 0.867529 0.28732 1.96911 -3.99518 -17.3356 
-0.450191 0.672778 0.884562 0.901311 -3.39102 -15.5966 
-0.426771 0.842086 -0.234674 1.51589 -3.48997 -18.4741 
-0.358582 0.815946 0.321787 1.96593 -3.74028 -17.3135 
-0.358685 0.838971 0.28327 2.09618 -3.49997 -17.4485 
-0.392901 0.799589 0.244978 1.7578 -3.22573 -17.5904 
-0.398468 0.708658 0.824883 1.10262 -3.34943 -15.7929 
-0.340813 0.840915 -0.182366 1.46923 -3.27544 -18.8265 
-0.359982 0.860744 0.283915 2.11472 -3.31717 -17.373 
-0.323347 0.844238 0.320124 2.32466 -3.2196 -17.4384 
-0.305089 0.85496 0.222909 2.39347 -3.4583 -17.7149 
-0.363407 0.75148 0.843081 1.55739 -3.31872 -15.8598 
-0.321319 0.928902 -0.181382 2.52736 -3.57671 -18.8257 
-0.394421 0.834311 0.284614 1.86316 -3.65316 -17.4634 
-0.445174 0.782685 0.248036 1.57488 -3.45913 -17.3153 
-0.411637 0.843209 0.247848 1.92898 -3.67594 -17.3138 
-0.466465 0.701206 0.827507 1.18143 -3.47676 -15.812 
-0.443307 0.849935 -0.0995073 1.87014 -3.31104 -18.3507 
-0.426775 0.832449 0.34411 2.28312 -3.43929 -17.2528 
-0.410661 0.821368 0.361821 1.99747 -3.66203 -17.4067 
-0.377706 0.845971 0.245628 1.82496 -3.70193 -17.5277 
-0.364727 0.749322 0.824953 1.3449 -3.56604 -15.6434 
-0.354829 0.866121 -0.0856435 2.25561 -3.41062 -18.8463 
-0.393662 0.799569 0.36145 1.85953 -3.03261 -17.1663 
-0.429298 0.798073 0.324534 1.64495 -2.94527 -17.1681 
-0.359657 0.877831 0.227318 2.23372 -3.69378 -17.297 
-0.379993 0.780863 0.845169 1.95299 -3.21825 -15.6398 
-0.354557 0.864606 -0.181132 2.15936 -3.7276 -18.8354 
-0.392919 0.896114 0.304736 2.64831 -3.41378 -17.459 
-0.377962 0.925756 0.382929 2.71646 -3.45432 -17.0318 
-0.408993 0.844453 0.208673 2.25584 -3.62034 -17.5217 
-0.449636 0.754165 0.886261 1.7003 -3.21627 -15.5184 
-0.42587 0.881148 -0.157856 2.05359 -3.42456 -18.5593 
-0.392671 0.870668 0.190474 2.32102 -4.16087 -17.3072 
-0.446571 0.801295 0.28694 1.57498 -3.51685 -17.2529 
-0.358859 0.853501 0.303131 2.19222 -3.98994 -17.3904 
-0.382219 0.752567 0.788286 1.28228 -4.13941 -15.5073 
-0.424735 0.821867 -0.137991 1.82345 -3.3613 -18.1163 
-0.409701 0.819826 0.382791 2.2181 -3.78779 -16.969 
-0.411703 0.821791 0.268162 1.81529 -3.79779 -16.9515 
-0.482069 0.841864 0.157652 1.74624 -3.38831 -16.6461 
-0.448562 0.672187 0.847277 1.12834 -3.5219 -15.3683 
-0.372634 0.893437 -0.215376 2.35903 -3.75597 -18.1716 
-0.426895 0.792429 0.325533 1.95418 -3.50149 -16.9556 
-0.462904 0.769191 0.288912 1.51325 -3.59684 -16.8149 
-0.446035 0.802617 0.250558 1.70874 -3.46472 -16.8011 
-0.447667 0.634001 0.826809 0.899233 -3.39762 -15.5072 
-0.356489 0.867174 -0.140179 2.07625 -3.421 -18.1752 
-0.377099 0.789463 0.321833 1.58763 -3.26226 -17.3087 
-0.393469 0.801802 0.264973 1.76984 -2.98009 -17.368 
-0.307136 0.819301 0.241555 1.8514 -3.02192 -17.6379 
-0.347368 0.688014 0.840496 0.844092 -2.86447 -15.9937 
-0.320684 0.840193 -0.105712 2.08686 -2.39943 -18.5151 
-0.340986 0.802941 0.28213 1.96751 -2.31795 -17.2672 
-0.254851 0.897456 0.222288 2.62354 -2.67799 -17.4648 
-0.288238 0.841679 0.165086 2.29709 -2.10038 -17.4468 
-0.287739 0.692049 0.685616 1.94362 -2.23072 -15.8482 
-0.230805 0.824845 -0.168817 2.39274 -1.83285 -18.904 
-0.220042 0.842195 0.200784 2.18594 -2.58129 -17.4489 
-0.218415 0.844677 0.238931 2.51109 -2.27313 -17.4457 
-0.237283 0.873443 0.201921 2.47356 -2.29421 -17.4468 
-0.340363 0.680407 0.783174 1.86351 -1.77764 -15.7966 
-0.253759 0.906458 -0.278237 2.17772 -2.66463 -18.2544 
-0.269726 0.767797 0.219963 1.85801 -2.56134 -17.6085 
-0.25333 0.819526 0.201408 2.16344 -2.5515 -17.5285 
-0.23409 0.812502 0.238123 2.42732 -2.34774 -17.67 
-0.271648 0.720337 0.799251 2.08583 -2.32351 -16.091 
-0.234874 0.874412 -0.090202 2.26915 -2.68379 -18.7253 
-0.354486 0.777387 0.223882 2.24107 -1.85079 -17.4639 
-0.305257 0.803506 0.260829 2.07395 -2.59329 -17.4801 
-0.358058 0.812491 0.168018 1.9344 -2.40847 -17.3259 
-0.304372 0.635226 0.740615 1.49053 -2.6604 -16.3882 
-0.251357 0.923978 -0.0683526 2.88923 -2.52269 -18.4336 
-0.271226 0.809431 0.22035 1.98837 -2.37876 -17.681 
-0.271472 0.831805 0.25918 2.21753 -2.0707 -17.6078 
-0.237467 0.816871 0.27536 1.99903 -1.84724 -17.8928 
-0.273646 0.686261 0.798767 1.55297 -1.76687 -16.0074 
-0.204293 0.879236 -0.320729 1.46748 -2.91636 -18.6862 
-0.268998 0.834655 0.201801 2.56096 -1.89663 -17.5883 
-0.252681 0.803713 0.21977 2.16349 -2.11916 -17.5942 
-0.232197 0.756314 0.216949 2.19357 -2.03857 -17.8763 
-0.259079 0.755367 0.741808 1.64507 -2.06539 -16.0786 
-0.218072 0.929628 -0.126998 2.70568 -2.37257 -18.4126 
-0.217823 0.779978 0.275221 2.02063 -2.69053 -17.6823 
-0.305303 0.788999 0.241895 1.98526 -2.10512 -17.3174 
-0.250056 0.838181 0.125654 2.72198 -2.81168 -17.4407 
-0.255501 0.73421 0.780261 2.05965 -2.12664 -15.9329 
-0.234937 0.95643 -0.0493784 3.07096 -2.38366 -18.4312 
-0.0789911 0.941593 0.21355 3.28254 -3.74161 -18.1766 
-0.287416 0.798071 0.278428 2.13189 -2.26736 -17.6178 
-0.303185 0.789943 0.183628 2.20681 -2.11215 -17.5242 
-0.310927 0.735599 0.802217 1.54902 -2.47668 -15.8177 
-0.304932 0.828484 -0.00972793 1.90747 -2.55622 -18.24 
-0.316552 0.829231 0.0337025 2.92704 -3.25969 -17.2255 
-0.374248 0.757922 0.244851 1.7232 -2.59801 -17.1993 
-0.322878 0.808916 0.242304 2.00867 -2.91743 -17.5633 
-0.343983 0.730949 0.804461 1.75367 -2.63549 -15.6065 
-0.338691 0.864253 -0.0834929 2.25153 -2.78679 -18.0916 
-0.356582 0.767018 0.28231 1.87718 -2.76205 -17.2789 
-0.373388 0.796424 0.285325 2.28013 -2.66337 -16.8381 
-0.357334 0.805855 0.225431 2.00738 -2.95407 -17.3482 
-0.329264 0.778612 0.766889 1.72473 -3.05406 -15.5362 
-0.286841 0.857832 -0.0671256 2.19889 -2.85634 -18.2306 
-0.395066 0.764046 0.150859 1.14339 -2.98966 -17.0544 
-0.306471 0.838551 0.320484 2.29198 -2.95989 -17.1334 
-0.325046 0.80639 0.319702 1.7779 -3.03066 -17.363 
-0.377454 0.648635 0.803091 1.15853 -2.59777 -15.907 
-0.286844 0.840812 -0.125147 1.99285 -2.67644 -18.2891 
-0.335662 0.854181 0.112299 2.96999 -3.45354 -17.0314 
-0.340811 0.815282 0.282923 2.05886 -3.05535 -17.2108 
-0.305834 0.854683 0.204743 2.29551 -3.52272 -17.493 
-0.376574 0.703901 0.766948 1.7218 -3.10058 -15.6894 
-0.268758 0.799739 -0.0315371 1.75241 -3.74784 -18.5473 
-0.339841 0.829481 0.282751 2.2574 -3.60807 -17.3698 
-0.358126 0.821016 0.284416 2.10624 -3.31866 -17.0743 
-0.34056 0.850064 0.207926 2.29235 -3.68141 -17.0637 
-0.397137 0.711839 0.787537 1.34356 -3.11261 -15.5565 
-0.37625 0.837857 -0.081841 1.57702 -3.12075 -17.9665 
-0.322939 0.844653 0.226451 2.35763 -3.35727 -16.9806 
-0.33981 0.814299 0.340237 2.26027 -3.05036 -17.2196 
-0.322699 0.808333 0.205033 2.02055 -3.0464 -17.3376 
-0.291958 0.780077 0.802865 2.14711 -3.14151 -15.7524 
-0.253406 0.898172 -0.0870751 2.32851 -3.13378 -18.3006 
-0.371747 0.758515 0.283022 2.14898 -2.47467 -17.1989 
-0.32447 0.808272 0.319664 1.89243 -2.84777 -17.3576 
-0.373627 0.774311 0.263748 1.92642 -2.9033 -17.3566 
-0.342461 0.723098 0.785478 1.8357 -3.43544 -15.6191 
-0.389564 0.84576 -0.0613189 2.27454 -3.14236 -17.8204 
-0.423779 0.775371 0.266558 2.17109 -3.32362 -17.2297 
-0.395706 0.874126 0.287805 2.11619 -3.66076 -16.8764 
-0.37612 0.891102 0.228675 2.52406 -3.2236 -17.1415 
-0.379072 0.763536 0.768042 1.85679 -3.10289 -15.6946 
-0.319252 0.850293 -0.00845652 2.48306 -3.19126 -18.2543 
-0.377906 0.911341 0.250303 2.54808 -3.16465 -16.631 
-0.355056 0.789452 0.206508 2.23446 -2.65262 -17.1856 
-0.321494 0.830699 0.243849 2.46487 -2.74025 -17.2617 
-0.343384 0.713554 0.841952 1.7445 -2.32342 -15.6787 
-0.266473 0.83064 -0.0492588 2.46079 -2.71692 -18.2203 
-0.270994 0.784241 0.240726 1.86078 -2.8683 -17.3269 
-0.306876 0.805119 0.242639 1.87537 -2.47291 -17.2555 
-0.306229 0.885575 0.186121 2.56623 -2.48617 -17.3921 
-0.27444 0.711273 0.820384 1.63319 -3.17893 -15.6776 
-0.351961 0.773373 -0.0271784 2.14089 -2.67108 -18.0959 
-0.305605 0.855682 0.148342 2.31661 -3.53142 -17.2609 
-0.357008 0.799826 0.321043 2.07582 -3.37249 -17.3754 
-0.412651 0.884584 0.230983 2.18387 -3.56148 -16.941 
-0.450514 0.695826 0.846972 1.03891 -3.1525 -15.5108 
-0.372126 0.810648 0.0512972 2.0527 -3.59863 -18.0688 
-0.460134 0.771342 0.307027 1.9409 -3.35144 -17.0287 
-0.463776 0.811216 0.1947 1.66924 -3.55013 -16.6504 
-0.444519 0.824029 0.230231 2.03758 -3.34479 -17.1607 
-0.381018 0.757913 0.769081 1.52055 -3.65336 -15.49 
-0.394209 0.823364 0.0154362 1.4943 -3.24976 -17.6982 
-0.356956 0.798335 0.226481 1.98692 -3.69126 -17.1438 
-0.358897 0.84309 0.304154 2.23009 -3.07323 -16.9999 
-0.356858 0.847782 0.244898 2.4582 -2.71077 -17.4192 
-0.310181 0.692667 0.839139 1.29226 -2.71319 -15.9762 
-0.252231 0.83945 -0.0308654 2.07915 -2.93975 -18.3041 
-0.408002 0.800859 0.266475 2.29195 -1.96102 -17.0483 
-0.339933 0.800468 0.244883 2.08001 -2.63172 -17.0443 
-0.339628 0.795418 0.165782 1.83797 -3.24647 -17.7077 
-0.37935 0.687803 0.766244 1.18623 -2.72704 -15.7592 
-0.37312 0.858934 -0.00481581 2.33258 -2.87415 -17.8956 
-0.359562 0.780632 0.24398 1.43478 -3.4362 -17.4409 
-0.354805 0.867492 0.47385 3.17439 -2.32138 -17.5968 
-0.318589 0.829406 0.16466 2.66703 -2.99113 -17.9116 
-0.342073 0.651389 0.800858 1.26966 -2.62568 -16.1182 
-0.288639 0.860028 -0.0480441 1.98842 -2.60699 -18.2316 
-0.238096 0.846375 0.10495 1.90721 -3.15606 -17.7456 
-0.255598 0.857044 0.29831 2.26897 -2.60432 -17.4047 
-0.318764 0.817065 0.163868 2.57568 -2.25373 -17.9681 
-0.292714 0.731815 0.686068 1.52914 -2.22719 -15.9314 
-0.248855 0.80821 -0.0887549 2.32003 -2.21288 -18.1958 
-0.166369 0.857509 0.216843 2.5748 -2.47007 -17.7278 
-0.24999 0.766404 0.255652 2.24297 -1.8052 -17.9572 
-0.267081 0.852386 0.067844 2.79621 -2.34291 -17.718 
-0.291436 0.693278 0.762039 1.50425 -1.97254 -15.8632 
-0.25145 0.881701 0.00861996 2.64263 -2.63561 -18.1554 
