-0.0171966 0.0201914 1.06528 0.321911 0.303336 3.84547 
-0.0196582 -0.0285653 0.243356 -0.38867 0.143938 1.1024 
0.0187513 0.055707 0.481045 0.538877 -0.090988 1.58407 
-0.0183337 -0.00469952 0.579943 -0.0350807 0.281655 1.80387 
-0.0335244 0.0440672 0.41912 0.588456 0.0366446 1.21863 
0.000617285 0.00880624 1.02491 0.249931 0.0713547 3.70135 
-0.0144496 -0.00760765 0.282692 0.384741 0.233655 1.1674 
0.00205979 0.00392097 0.520873 0.3375 -0.0360225 1.73547 
-0.0174816 0.0159514 0.542075 0.198273 0.329215 1.88263 
-0.0344007 0.0437499 0.399775 0.478839 -0.0218262 1.2222 
-0.0366694 0.00998079 1.06165 0.0482055 0.425313 3.46986 
-0.0189142 -0.00576497 0.341161 -0.144379 0.453128 1.15906 
0.00140968 -0.037414 0.482749 -0.018585 0.0372635 1.82159 
-0.00045596 -0.0163267 0.485938 -0.107256 0.0422137 2.12229 
-0.032764 0.0638729 0.419804 0.815238 -0.160276 1.29249 
-0.0170836 -0.00153065 1.0234 0.191348 0.181445 3.55192 
0.0174782 -0.00659224 0.319428 -0.0487895 0.170399 0.934048 
-0.0475917 0.0128059 0.423192 0.835556 0.127284 1.67496 
-0.0184946 0.0359797 0.542866 0.210563 0.14331 1.95709 
-0.0352978 0.0442899 0.419228 0.373963 0.04766 1.21922 
-0.0527579 0.0401005 1.02296 0.449759 0.386043 3.47305 
-0.0171187 -0.00694135 0.300034 0.0647428 0.315027 0.938252 
0.0198722 -0.00736781 0.482723 0.26615 -0.268875 1.81813 
-0.0166984 0.0155199 0.602192 0.301948 0.142334 2.10092 
0.00118273 0.0228871 0.401074 0.345621 -0.231618 1.3744 
-0.0189478 0.0194603 1.02436 0.102048 0.187266 3.62585 
0.0174517 -0.00777586 0.302124 -0.0561863 -0.0806695 1.16491 
-0.0157319 0.0143524 0.520223 0.40411 0.0688734 1.65937 
-0.0166763 0.0145661 0.561172 0.296578 0.015248 1.8807 
-0.0335495 0.0427873 0.399597 0.580429 -0.213553 1.22272 
-0.0517907 0.0196495 1.04144 0.434184 0.449707 3.39614 
-0.0349577 0.00316381 0.32088 0.128696 0.296812 1.08646 
-0.0165831 0.015315 0.520401 0.30252 0.2606 1.65885 
-0.0174816 0.0159514 0.542075 0.198273 0.329215 1.88263 
0.001114 0.0427016 0.360916 0.465442 -0.363898 1.22752 
-0.0349662 0.0296691 1.02361 0.38315 0.281147 3.54915 
-0.0187819 -0.028248 0.262701 -0.279053 0.202409 1.09883 
-0.0166518 0.0351296 0.480243 0.422341 0.12832 1.51197 
-0.0176183 0.0362971 0.562212 0.32018 0.201781 1.95352 
-0.0148584 0.053333 0.340883 0.74983 -0.147777 1.15328 
-0.0162774 0.0186976 1.0048 0.421416 0.106765 3.62823 
-0.000159701 -0.0387847 0.301972 -0.239332 0.033743 1.1689 
-0.0174387 0.0141403 0.462256 0.188162 0.0741722 1.66897 
-0.000586915 0.00605998 0.562178 0.0267881 0.293805 1.95576 
-0.0175068 0.0531419 0.319425 0.425091 -0.194361 0.930682 
0.000573695 0.0299008 1.00427 0.377779 0.189272 3.55038 
0.000582181 0.00339553 0.301545 0.123326 0.204938 1.08769 
-0.0157296 0.0358695 0.480313 0.535244 0.309032 1.51085 
0.018056 -0.00533406 0.56265 0.0617688 -0.00281747 2.03239 
-0.0877528 0.0957039 0.319116 0.805061 0.405063 0.851918 
-0.0526661 0.0409457 0.984406 0.456331 0.630523 3.47795 
-0.0188921 -0.0067187 0.300142 -0.14975 0.326043 0.938846 
-0.0335057 0.0241192 0.485214 0.467238 0.0440698 2.04335 
0.00200562 0.00407656 0.553469 0.337993 -0.163491 3.09361 
-0.0300784 0.0626384 0.370323 1.13239 -0.37222 2.20848 
-0.0136904 0.0170997 1.00497 0.735141 -0.354016 5.67315 
-0.0109706 -0.03107 0.307759 0.673468 -0.538513 3.81735 
0.0447788 -0.040669 0.474113 0.925084 -0.925232 5.00143 
-0.0113627 -0.00916817 0.536937 0.800861 -0.777137 5.44613 
-0.0806726 0.0480925 0.27636 1.37994 -1.01665 4.57592 
-0.0634721 0.00311315 0.98399 1.0925 -0.932517 7.57448 
-0.0625437 -0.0441693 0.321244 0.819818 -0.976299 5.25919 
-0.0797342 -0.0335298 0.520576 0.990985 -1.17083 5.83445 
-0.0798485 -0.0117114 0.564677 1.12218 -1.04981 6.35476 
-0.113638 0.0465419 0.321344 1.69999 -1.25237 5.25247 
-0.115013 -0.00918797 1.0059 1.24373 -1.11575 7.87839 
-0.132751 -0.0464527 0.320936 0.927408 -1.11223 5.26381 
-0.133028 -0.0464656 0.503793 0.922979 -1.47101 6.14551 
-0.150824 -0.0357451 0.509803 0.991478 -1.36872 6.7497 
-0.0931416 -0.00920845 0.309094 1.68226 -2.17574 6.09463 
-0.149775 0.00972135 0.991557 1.4724 -1.35049 8.41111 
-0.20487 -0.00645791 0.305403 1.07481 -1.12617 5.64492 
-0.150015 -0.0157096 0.486771 1.22029 -1.44166 6.37249 
-0.150935 -0.0141194 0.549464 1.12141 -1.24596 6.81649 
-0.147277 0.00228012 0.306461 1.65531 -1.66413 5.79246 
-0.11419 -0.0112378 0.990637 1.33855 -1.55941 8.33655 
-0.0776772 -0.0577696 0.291499 1.06441 -1.5737 6.25171 
-0.131167 -0.0455539 0.471794 1.14593 -1.24016 6.83012 
-0.0585199 -0.02434 0.515668 1.47431 -1.55838 7.34739 
-0.0745383 0.0243393 0.311784 1.99025 -1.73788 6.31464 
-0.0234531 -0.0181568 0.978941 1.49692 -1.23905 9.08906 
0.0299107 -0.0534854 0.279272 1.17915 -1.17083 6.92638 
0.0162472 -0.0208203 0.479498 1.91581 -1.02015 7.57213 
0.0312762 -0.0096244 0.502791 1.65565 -1.05061 7.94595 
0.0518301 0.0184973 0.242202 2.14982 -1.26491 7.07329 
0.105309 -0.0054909 0.972201 2.08917 -1.34249 10.3672 
0.141729 -0.031158 0.276145 1.94086 -1.36284 8.58242 
0.179659 -0.0314127 0.426765 2.25232 -1.8966 10.148 
0.129803 0.000775409 0.474499 2.88902 -1.48034 11.0458 
0.153059 -0.0162291 0.20545 3.43333 -2.51485 11.3927 
0.116761 -0.031654 0.939039 3.33365 -2.6142 15.0692 
-0.0422211 -0.0710502 0.277604 3.1402 -2.44237 12.9128 
-0.131553 -0.0435022 0.47513 3.31772 -3.13859 13.3415 
-0.222967 -0.0982889 0.534072 2.67876 -3.50048 13.4974 
-0.32708 -0.0228306 0.271769 3.48133 -4.09436 12.4771 
-0.348947 -0.0900672 0.997841 2.63377 -4.26357 15.404 
-0.401332 -0.127815 0.31942 2.42959 -4.24028 13.4714 
-0.399005 -0.128155 0.54079 2.74598 -4.67384 14.3465 
-0.435493 -0.127884 0.607735 2.64571 -4.6382 15.2469 
-0.414899 -0.101381 0.271767 3.13103 -5.10928 14.6141 
-0.396129 -0.104093 1.02203 3.31385 -4.91947 17.979 
-0.377458 -0.140326 0.348181 3.10492 -4.95371 16.4959 
-0.429292 -0.108749 0.511925 3.51873 -4.88744 17.3779 
-0.375297 -0.0996025 0.541354 3.66948 -5.5291 18.4312 
-0.335024 -0.124759 0.2645 4.05439 -6.10086 17.945 
-0.336673 -0.115661 1.01884 3.98899 -5.60515 21.6874 
-0.29768 -0.14255 0.350655 4.15599 -5.95397 20.8072 
-0.292594 -0.12081 0.485103 4.93261 -5.98774 22.6749 
-0.274812 -0.130567 0.501293 4.87041 -6.09874 24.3383 
-0.235643 -0.0716027 0.152932 5.65695 -6.38389 24.3832 
-0.239067 -0.105509 0.982761 5.11353 -6.35574 27.9696 
-0.202715 -0.130645 0.347 4.9673 -6.37125 26.4026 
-0.202112 -0.0872102 0.471603 5.33539 -6.19211 27.2105 
-0.204827 -0.0628301 0.537733 5.15915 -5.61902 27.9535 
-0.149589 -0.0356514 0.199664 5.5336 -6.11161 27.0922 
-0.151209 -0.0255628 0.966869 5.47434 -5.36309 30.1502 
-0.117435 -0.0490908 0.312119 5.01531 -5.05362 28.5857 
-0.0269296 -0.07964 0.43671 5.02612 -5.58462 29.4745 
-0.046538 -0.045465 0.480517 5.02074 -4.97525 29.9177 
-0.0251122 -0.0191633 0.180951 5.61176 -5.50922 29.0521 
-0.0266663 -0.0311229 0.927771 5.41928 -5.00571 32.0408 
0.0274542 -0.0680666 0.270916 5.19778 -5.37544 30.3273 
0.0290416 -0.0673606 0.417333 5.41505 -5.50161 31.44 
-0.00484063 -0.0459002 0.482881 5.76673 -5.30061 32.1853 
-0.00123307 -0.0103507 0.165361 6.41697 -5.98076 31.4745 
0.03192 -0.0434905 0.894135 5.98166 -5.7455 34.619 
0.0860463 -0.0783932 0.293383 5.77229 -5.7362 32.668 
0.0679841 -0.0250367 0.39355 6.09611 -5.50889 32.9498 
0.0653337 -0.0443185 0.476985 5.6549 -5.4201 33.5454 
0.0503484 0.00275855 0.133058 6.27155 -5.67877 32.0801 
0.0664952 0.00113582 0.881389 6.13765 -5.28534 35.2182 
0.0825435 -0.055719 0.241073 5.47962 -5.35439 33.2034 
0.101861 -0.0436852 0.401865 5.7616 -5.33785 33.7813 
0.102557 0.000498826 0.485697 6.13563 -4.91335 34.3672 
0.103682 0.0382124 0.103976 6.47775 -5.02143 32.9835 
0.154698 -0.0253661 0.869117 5.85475 -4.75705 35.8975 
0.17315 -0.0186378 0.267927 5.9038 -4.54315 33.8677 
0.137313 0.022872 0.370775 6.15898 -4.57993 34.4552 
0.156718 0.0336137 0.434693 6.43477 -4.69706 35.0486 
0.157054 0.0288208 0.0748955 6.41158 -5.09944 33.9704 
0.156329 0.0168523 0.862557 6.32606 -4.66056 37.1798 
0.157995 0.0120391 0.206043 6.41792 -4.53577 35.4636 
0.191644 -0.00881882 0.308516 6.06635 -4.97505 36.0561 
0.211055 0.00396386 0.428537 6.35428 -4.71315 36.412 
0.195283 0.0300516 0.0666229 6.73675 -5.02598 35.1037 
0.211364 0.0287673 0.870809 6.60368 -4.62596 38.0061 
0.245095 -0.017086 0.266363 6.00771 -4.6754 35.6807 
0.209353 0.0250762 0.32622 6.26821 -4.46596 35.8196 
0.209199 0.0485129 0.445699 6.40825 -4.08815 36.1 
0.280681 0.0220388 0.0246268 6.24047 -4.91841 34.7283 
0.262096 0.0210329 0.871933 6.22365 -4.36979 38.0794 
0.299326 -0.00388213 0.253298 6.1864 -4.32596 36.2821 
0.283146 0.00620524 0.355826 6.46427 -4.47345 36.8718 
0.318549 0.0292091 0.421611 6.59547 -4.31722 37.6136 
0.339239 0.0562685 0.0404324 7.08547 -4.54121 36.3054 
0.355454 0.0348313 0.828921 6.83175 -4.0155 39.5904 
0.338343 0.0399516 0.225322 6.87752 -3.95906 37.3367 
0.427999 0.0101722 0.345652 6.78547 -4.29659 37.7714 
0.441197 0.0455837 0.443321 6.45555 -3.69113 37.7509 
0.443313 0.0616998 0.0346248 6.77547 -3.86088 35.6165 
0.440682 0.0917204 0.800401 6.72787 -3.29739 38.5222 
0.456738 0.0151003 0.249438 5.94895 -3.22496 35.7382 
0.44056 0.024995 0.347527 6.22556 -3.37072 35.8744 
0.438699 0.0265097 0.444509 6.01727 -3.22603 35.8594 
0.385754 0.0512371 -0.0252126 6.18456 -3.44304 33.4346 
0.347673 0.0169343 0.832197 5.75298 -3.26018 35.8825 
0.309361 -0.00922063 0.241277 5.18143 -3.18692 32.9512 
0.255848 -0.000807779 0.334844 5.23964 -3.47824 32.6373 
0.181202 -0.0217748 0.445779 4.69311 -3.38205 32.0977 
0.128171 0.00414832 0.070712 4.86597 -3.46452 29.4306 
0.0714244 0.00147672 0.868216 4.52252 -2.99508 31.6574 
0.0579501 -0.017043 0.198556 4.85741 -3.33101 28.6595 
0.0524764 -0.0363581 0.389299 4.08919 -3.39699 28.3317 
-0.00276092 -0.00345274 0.486552 4.08135 -2.93849 28.3152 
-0.0361447 -0.0108002 0.0595028 4.26603 -3.51244 26.3413 
-0.037948 -0.00240203 0.90381 4.19362 -3.25288 29.3894 
-0.0567881 -0.01825 0.318733 3.89641 -3.30246 27.0605 
-0.073753 -0.0293446 0.398835 3.93885 -3.50237 27.3537 
-0.0721156 -0.0285051 0.519317 4.15751 -3.50369 27.7886 
-0.0371128 -0.0119628 0.0787083 4.14984 -3.81539 26.34 
-0.089467 -0.0156569 0.884699 4.33948 -3.56319 29.4731 
-0.0710618 -0.0309647 0.340474 4.25348 -3.71082 27.3626 
-0.0897727 -0.0190395 0.400297 4.22058 -3.40936 27.5037 
-0.0907207 -0.0402465 0.483376 3.98254 -3.70401 28.1004 
-0.123293 -0.00361485 0.0583674 4.54181 -3.7352 26.2703 
-0.0708467 -0.00438729 0.89072 4.51222 -3.49431 30.075 
-0.0327244 -0.0511667 0.296981 4.44998 -3.76187 28.8827 
-0.0526054 -0.0197201 0.452001 4.42362 -3.8842 28.8576 
-0.0161692 -0.0392155 0.515886 4.40602 -3.9093 29.4532 
-0.0495525 -0.00323951 0.0156763 4.85485 -4.00555 27.8625 
-0.0522291 0.00707504 0.901181 4.68623 -3.42718 31.1304 
0.00283779 -0.0494623 0.30161 4.45389 -3.60529 29.3334 
0.000950498 -0.0491311 0.381288 4.2382 -3.71166 29.5493 
0.0388668 -0.00568691 0.486448 4.81541 -3.63541 30.3577 
0.0411384 -0.0105811 0.0232559 5.00994 -3.80743 28.6126 
0.0935403 -0.0118725 0.872664 4.97643 -3.68791 32.188 
0.0746776 -0.00505682 0.293136 4.81699 -3.372 30.3843 
0.127965 -0.0133491 0.35649 4.75575 -3.3146 30.9021 
0.110796 0.0180466 0.479333 5.05394 -3.3978 31.5621 
0.149548 -0.00825039 -0.0020128 5.22012 -3.8491 29.9722 
0.147721 0.0011979 0.885534 5.15372 -3.46332 33.4673 
0.184906 -0.0241397 0.286174 5.11319 -3.54173 31.6675 
0.18479 -0.0239348 0.367965 5.11262 -3.65999 32.1096 
0.16857 0.00938441 0.508182 5.53111 -3.31142 32.5377 
0.168149 0.0254901 0.0051178 5.52937 -3.41298 30.6457 
0.218753 0.023045 0.83289 5.27272 -3.53177 33.9991 
0.21865 -0.0010217 0.272497 5.03109 -3.25709 32.1946 
0.256836 -0.0221161 0.314529 5.21932 -3.54253 32.5669 
0.254705 0.0439373 0.474638 5.4 -3.03614 32.9881 
0.256998 0.0597993 -0.0650427 5.72155 -3.09683 31.3277 
0.273035 0.0388088 0.858872 5.46746 -2.68193 34.5923 
0.308446 0.0136939 0.25962 5.21243 -2.74932 32.7931 
0.289643 0.0247738 0.357994 5.17296 -2.69233 32.9294 
0.325093 0.0264904 0.439974 5.17505 -2.65228 33.3686 
0.274009 0.0304196 -0.0262768 5.4329 -2.87685 31.3234 
0.273125 0.0397505 0.822541 5.47466 -2.43832 34.824 
0.323366 0.0463227 0.318133 5.08095 -2.65528 32.7802 
0.326102 0.0259382 0.34317 5.28176 -2.60524 33.383 
0.326979 0.00697214 0.462968 5.27364 -2.40964 33.7441 
0.382377 0.0320385 -0.0389301 5.63791 -3.03815 32.0003 
0.326388 0.0517918 0.82868 5.53716 -2.39183 35.4241 
0.362609 0.0274289 0.306849 5.3932 -2.39503 33.6123 
0.398101 0.00572086 0.3467 5.25341 -2.84931 33.7596 
0.308425 -0.00220937 0.466075 5.11472 -2.10957 34.0476 
0.346008 0.0318157 -0.0604365 5.53632 -2.88163 31.7783 
0.344047 0.0614169 0.842807 5.59057 -2.62155 34.8908 
0.345067 -0.00420737 0.244182 5.20734 -2.2846 33.1718 
0.309232 0.0154961 0.38028 5.3295 -2.55892 33.2275 
0.34639 0.0173284 0.518006 5.54691 -2.52329 33.4304 
0.328329 0.0205251 -0.102967 5.47237 -2.89863 31.4086 
0.34508 0.0189177 0.840906 5.44177 -2.80289 34.7446 
0.326264 0.0044461 0.277573 5.15322 -2.60315 32.6384 
0.32615 0.00455459 0.357144 5.15202 -2.72054 32.8537 
0.326822 0.0257487 0.456921 5.38563 -2.78466 33.1388 
0.292792 0.0201006 -0.088072 5.47648 -2.80501 30.9539 
0.290874 0.0287037 0.838026 5.4035 -2.66372 34.4441 
0.308401 0.0131749 0.276675 5.20852 -2.87069 32.5639 
0.34298 -0.00499844 0.433102 4.98136 -2.74937 32.691 
0.254892 0.0261516 0.493549 5.29415 -2.40832 32.909 
0.310447 0.0300149 -0.0672854 5.53178 -3.03734 31.1009 
0.290855 0.0510782 0.836915 5.53938 -2.2956 34.289 
0.311165 0.0131611 0.216343 5.53383 -2.70584 32.3444 
0.363443 0.00542102 0.3765 5.36588 -2.69548 32.8478 
0.411251 -0.00261374 0.536804 4.65605 -2.84379 33.3534 
0.328337 0.0224697 -0.0490839 5.48388 -2.51873 30.9445 
0.289128 0.0517235 0.817748 5.32817 -2.16234 34.2921 
0.342219 0.0160929 0.294276 5.00408 -2.45028 32.3308 
0.377758 -0.024476 0.415304 4.74984 -2.64519 32.8452 
0.325121 0.0275776 0.455057 5.18182 -2.40034 32.9109 
0.345163 0.0323929 -0.0691386 5.43221 -2.68642 30.8707 
0.32312 -0.0104533 0.817432 4.73008 -2.35073 34.2982 
0.360148 -0.0146842 0.274789 4.81556 -2.42774 32.336 
0.344126 -0.0258962 0.316161 4.96616 -2.57489 32.6346 
0.342823 0.0378181 0.454348 5.23977 -2.50956 32.8336 
0.310658 0.0111791 -0.0916142 5.41992 -2.53573 30.5748 
0.325588 0.00946811 0.873863 5.17218 -2.55208 34.1357 
0.344243 -0.0454809 0.332603 4.84836 -2.31863 32.3304 
0.34397 -0.00478958 0.372877 5.09218 -2.5735 32.4722 
0.325121 0.0275776 0.455057 5.18182 -2.40034 32.9109 
0.326539 0.021316 -0.0707197 5.26073 -2.75704 30.7224 
0.307778 0.0422741 0.872102 5.37466 -2.07907 33.9045 
0.432145 -0.0565151 0.316009 4.65545 -2.9111 32.6344 
0.307556 0.0161785 0.332956 5.11906 -2.29994 32.326 
0.325146 0.0071477 0.510051 5.05745 -2.38856 32.6018 
0.291115 0.0208794 -0.133175 5.26667 -2.5469 30.2791 
0.272215 0.0622795 0.832003 5.50314 -1.99724 33.7589 
0.324408 0.0272853 0.330205 5.0748 -2.21656 32.0214 
0.325374 0.00693072 0.35091 5.05985 -2.15377 32.1712 
0.324207 0.0503958 0.47118 5.21219 -1.96186 32.5261 
0.34344 0.0543626 -0.132656 5.35088 -2.31126 30.2717 
0.323933 0.0117196 0.852723 4.97165 -2.04552 33.9103 
0.359186 0.00780771 0.312407 4.84327 -2.11238 32.1755 
0.378774 -0.0230835 0.372383 4.86805 -2.21826 32.3954 
0.305628 0.0398379 0.452544 5.04462 -1.91112 32.607 
0.326542 0.0428332 -0.11063 5.39186 -2.51688 30.5739 
0.378113 0.00075003 0.8383 5.00252 -2.43576 34.4417 
0.377828 -0.00348996 0.315099 4.87889 -2.40988 32.4789 
0.379444 0.0174904 0.373927 5.22002 -2.42037 32.5426 
0.343699 0.0598454 0.438224 5.48178 -2.21267 33.135 
0.345186 0.0530527 -0.147848 5.55861 -2.57422 30.7287 
0.325635 0.0315043 0.816897 5.30723 -2.19055 34.2164 
0.324654 -0.0144933 0.274848 4.82422 -2.21363 32.3372 
0.32454 -0.0143848 0.354419 4.82302 -2.33103 32.5525 
0.289582 0.0272495 0.472172 5.18656 -2.30759 32.6829 
0.344399 0.0103535 -0.130365 5.19204 -2.86678 30.5807 
0.271408 0.0421476 0.852816 5.2737 -1.92343 33.9093 
0.342245 0.0173729 0.3138 5.0121 -2.20009 32.3267 
0.377897 -0.0233045 0.355257 4.75906 -2.2776 32.6258 
0.360708 0.0281356 0.414227 5.1791 -2.3691 32.6879 
0.325802 0.0221701 -0.150112 5.16034 -2.44792 30.5066 
0.342552 0.0206591 0.795981 5.13037 -2.35305 34.0693 
0.306591 0.0364367 0.310032 5.13338 -2.36186 31.9494 
0.325506 -0.0564493 0.410593 4.67568 -2.50665 32.3974 
0.308272 0.0161817 0.451148 5.22419 -2.4811 32.5353 
0.29109 0.0195994 -0.152699 5.25864 -2.7971 30.2832 
0.306876 0.0406767 0.833233 5.25702 -2.38774 33.9122 
0.324427 0.00491077 0.331316 4.93892 -2.58467 32.1764 
0.325281 0.00618185 0.391681 5.05391 -2.39912 32.3931 
0.254943 0.0478986 0.429923 5.42731 -2.04417 32.3094 
0.325821 -0.000204386 -0.149002 5.02447 -2.81603 30.6616 
0.305148 0.0197085 0.851755 4.91405 -2.49377 33.837 
0.287992 0.0267362 0.330195 4.97055 -2.18316 32.0237 
0.324496 -0.0149038 0.371474 4.8191 -2.45239 32.3233 
0.341169 0.0399733 0.430989 5.03862 -2.00212 32.3815 
0.266982 0.0977471 -0.122068 4.97998 -1.60582 29.2847 
0.23242 0.0427246 0.822715 4.85351 -1.56068 32.7804 
0.249076 0.00730591 0.335812 4.42928 -1.68639 30.5881 
0.227964 -0.0662548 0.38754 3.55564 -1.90454 29.9857 
0.160853 0.0153818 0.487336 4.59918 -1.94961 30.2669 
0.212308 0.000525147 -0.194308 4.18819 -1.99693 27.949 
0.175568 0.0304169 0.829407 4.35685 -1.70477 31.4987 
0.247372 0.00690109 0.273405 4.21207 -1.67935 30.1442 
0.264158 -0.000840846 0.429182 4.05152 -1.45313 30.1952 
0.248045 0.0304253 0.435946 4.4597 -1.36706 30.8721 
0.283389 0.00331866 -0.170214 4.19148 -1.80427 28.3943 
0.246667 0.0325458 0.819141 4.35665 -1.64181 32.4041 
0.285492 0.00785498 0.335823 4.53352 -1.71979 30.5858 
0.230275 0.039903 0.394277 4.52094 -1.38925 30.5758 
0.266797 -0.0241116 0.436667 4.23362 -2.0266 31.0305 
0.250492 0.00123703 -0.185525 4.50945 -2.04484 28.8531 
0.268765 0.0415711 0.822478 4.94644 -1.96653 32.7797 
0.287372 -0.0353178 0.340404 4.48821 -2.09547 31.1204 
0.287277 -0.0359703 0.383396 4.4829 -2.3417 31.5691 
0.286111 0.00739845 0.501446 4.6346 -2.14893 31.6972 
0.288604 -0.0213672 -0.1393 4.68763 -2.70447 29.6806 
0.272282 0.0401349 0.809398 5.36929 -2.24137 33.4629 
0.322746 -0.0157312 0.328343 4.59861 -2.56759 31.8769 
0.34132 -0.00488427 0.353639 4.76807 -2.62095 32.4763 
0.288752 0.0273548 0.433551 5.08023 -2.24382 32.689 
0.308076 0.0105533 -0.171147 5.09373 -2.58803 30.3612 
0.34244 0.0422848 0.835642 5.2603 -2.23029 34.1361 
0.392049 0.00685749 0.258751 4.50703 -2.50365 32.6385 
0.397258 0.00853172 0.398541 5.1627 -2.27681 33.0682 
0.379443 0.0200132 0.44113 5.23531 -2.0457 33.439 
0.39706 0.00299962 -0.221534 5.03287 -2.38461 31.1209 
0.397522 0.0545261 0.822398 5.54058 -2.07257 34.738 
0.432012 0.00938769 0.323529 5.05492 -2.18355 33.3046 
0.432775 0.0314271 0.384755 5.2951 -2.00318 33.5946 
0.450363 0.063486 0.428147 5.48424 -1.99138 34.0376 
0.468188 0.00621576 -0.216717 5.03944 -2.0697 31.5687 
0.44915 0.046348 0.806289 5.26605 -1.88676 35.0411 
0.449629 0.0641474 0.344314 5.38259 -1.68052 33.3682 
0.448865 0.0229209 0.385761 5.02531 -1.72463 33.6697 
0.413144 0.0641294 0.404599 5.28043 -1.64227 33.5883 
0.432515 0.0477505 -0.219375 5.29722 -1.86423 31.263 
0.413567 0.0672108 0.80499 5.39927 -1.67697 34.8889 
0.429278 0.0537158 0.323566 4.9999 -1.61788 33.223 
0.447715 0.041585 0.442159 5.02711 -2.27638 33.51 
0.413144 0.0641294 0.404599 5.28043 -1.64227 33.5883 
0.396208 0.00405862 -0.219136 4.93191 -2.19375 31.3471 
0.412619 0.0651909 0.785396 5.27834 -2.10788 34.8941 
0.411508 0.04158 0.319587 4.92938 -1.87936 32.8484 
0.411575 0.000151854 0.397435 4.67779 -1.98637 32.917 
0.428512 -0.0307377 0.440392 4.37909 -2.14057 33.3679 
0.393477 0.0264841 -0.18807 4.74324 -1.86476 30.5069 
0.356648 0.0770477 0.834286 5.03646 -1.57692 33.9032 
0.356521 0.0323213 0.352602 4.66844 -1.41444 32.2407 
0.408979 0.00242438 0.412804 4.36847 -1.53169 32.4595 
0.323472 0.0727671 0.351878 5.24293 -1.41259 32.1618 
0.373986 0.038648 -0.192803 4.60541 -1.37467 29.9762 
0.355915 0.0800392 0.813217 4.94884 -0.889646 33.6767 
0.424981 0.0361073 0.372541 4.35438 -1.01729 32.2326 
0.302268 0.0200711 0.406687 4.49512 -1.6368 31.8595 
0.357305 0.0101798 0.448189 4.63972 -1.83974 32.154 
0.301087 0.0138483 -0.164263 4.25132 -1.9161 28.9973 
0.302692 0.0230561 0.804858 4.61333 -1.67062 32.9333 
0.354798 0.0109675 0.362244 4.32295 -1.51699 31.2585 
0.30142 0.020841 0.402425 4.39227 -1.44333 31.4054 
0.318201 0.0326716 0.464409 4.35135 -1.35685 31.7721 
0.354238 0.0450888 -0.183446 4.42909 -2.12239 28.9945 
0.285662 0.0531968 0.802671 4.90609 -1.76178 32.7043 
0.2668 0.0190191 0.359067 4.49652 -1.54716 30.9602 
0.284544 -0.0133521 0.418902 4.29549 -2.01445 31.1824 
0.249835 0.0079245 0.439168 4.53895 -1.74706 31.2534 
0.302141 -0.0295083 -0.204963 4.09778 -2.2254 28.8577 
0.250189 0.0308205 0.799401 4.77761 -1.91404 32.407 
0.26682 -0.00345175 0.357957 4.36001 -1.9144 30.8885 
0.265876 -0.00323799 0.398907 4.25248 -1.96802 31.1098 
0.195492 0.0380561 0.456425 4.62259 -1.73532 31.0237 
0.284212 0.00126879 -0.185476 4.2863 -2.24794 28.8524 
0.231432 0.0616065 0.778047 4.85917 -1.87193 32.1811 
0.266616 0.0366121 0.335716 4.60111 -2.17324 30.5857 
0.231214 -0.00324873 0.435367 4.36684 -1.81681 30.8783 
0.231974 0.0165569 0.43605 4.59362 -2.01373 30.9521 
0.24872 0.00136332 -0.187637 4.29433 -2.03295 28.6269 
0.267085 0.0208327 0.817284 4.6055 -1.94857 32.2534 
0.266867 -0.0031255 0.336462 4.36267 -1.79129 30.6642 
0.266058 -0.023161 0.359494 4.13386 -1.71835 31.0414 
0.265859 0.0214666 0.460559 4.40238 -1.2235 31.3977 
0.320769 0.00531943 -0.182749 4.4138 -1.53734 29.0736 
0.267086 0.0424462 0.779595 4.73726 -1.70929 32.3316 
0.321187 -0.0322071 0.362445 4.28503 -1.67681 31.3408 
0.337048 -0.0212128 0.422139 4.13057 -1.77017 31.4818 
0.319975 0.0324489 0.464301 4.56584 -1.36786 31.7715 
0.302976 0.0158472 -0.181179 4.48104 -1.43331 29.2242 
0.301751 0.0446907 0.803677 4.6363 -1.48322 32.7793 
0.303375 -0.0209183 0.400594 4.35638 -1.44396 31.2582 
0.266776 -0.00154429 0.439996 4.37075 -1.66023 31.3289 
0.17777 0.0502865 0.458243 4.70114 -1.25886 31.1727 
0.285179 0.00252775 -0.202462 4.40312 -1.94586 29.0805 
0.321312 0.0101894 0.781366 4.63902 -2.2157 32.5605 
0.249097 -0.0128349 0.397466 4.3068 -1.67722 30.9593 
0.248109 0.0084734 0.417781 4.32712 -1.61293 31.0296 
0.248016 0.00772453 0.458552 4.32117 -1.85828 31.2515 
0.249706 -0.0198486 -0.205732 4.27464 -2.09811 28.7833 
0.249243 0.0287041 0.777587 4.65605 -2.34407 32.1855 
0.214225 0.0251773 0.355582 4.65012 -2.16387 30.6624 
0.248102 -0.0367946 0.437057 4.05145 -2.47053 31.1106 
0.159857 0.0347455 0.453768 4.60799 -2.26521 30.8015 
0.214026 -0.0235819 -0.189113 4.25676 -2.75024 28.5586 
0.162258 0.0167274 0.773619 4.81733 -2.18834 31.8128 
0.178818 -0.0192474 0.331927 4.38842 -2.56114 30.2959 
0.179646 -0.0408698 0.410458 4.36362 -2.86506 30.4384 
0.142153 0.000561357 0.429403 4.40425 -2.77169 30.3577 
0.161751 -0.0569315 -0.215568 4.17394 -2.86103 27.8882 
0.17915 -0.0171076 0.768649 4.50006 -2.83944 31.3648 
0.17889 -0.0392547 0.367645 4.26734 -2.42711 29.9893 
0.176982 -0.0164526 0.448433 4.18815 -2.16625 30.2768 
0.176915 0.00569201 0.471038 4.322 -1.92212 30.5728 
0.247936 -0.0198187 -0.210064 4.05889 -2.08536 28.3304 
0.176377 0.0721623 0.770904 4.71805 -1.53929 31.4265 
0.267786 -0.0238063 0.378662 4.34507 -1.85161 31.0384 
0.301304 0.0186194 0.419232 4.37704 -1.93714 31.1779 
0.303191 -0.000898852 0.442227 4.47563 -1.6945 31.5534 
0.32256 -0.0171814 -0.179526 4.49305 -1.91734 29.4548 
0.356804 0.0318047 0.748057 4.76339 -2.19227 33.091 
0.320219 -0.0116597 0.346181 4.30123 -1.74135 31.6445 
0.339579 -0.00143703 0.427154 4.57311 -1.97985 32.0086 
0.303993 0.0196185 0.430295 4.70759 -1.7718 32.31 
0.342953 -0.00613446 -0.173613 4.88029 -1.85947 30.0561 
0.340854 0.0439088 0.751987 5.05707 -1.7277 33.4662 
0.357327 0.030936 0.3717 4.76674 -1.72841 32.2388 
0.37687 0.0212357 0.413261 4.92 -1.71723 32.5345 
0.430041 0.0324317 0.457952 4.97592 -1.91522 33.1297 
0.465591 0.00848829 -0.201347 4.73013 -1.61502 31.1111 
0.467843 0.0567974 0.745355 5.43482 -1.82011 34.7449 
0.467535 0.034324 0.365847 5.19945 -1.53089 33.5937 
0.501278 0.0358285 0.389859 4.98559 -1.48554 34.0425 
0.484406 0.0254827 0.429189 5.03396 -1.44009 34.1138 
0.501036 0.0297774 -0.21316 4.85184 -1.7147 31.866 
0.485659 0.0693558 0.730059 5.50863 -1.4364 35.1219 
0.501371 0.0365774 0.349088 4.99153 -1.24019 33.8206 
0.536797 0.0369176 0.409324 4.98496 -1.44946 34.0372 
0.465629 0.0787396 0.408945 5.25202 -1.03074 33.9595 
0.502791 0.0519293 -0.214379 5.2022 -1.3576 31.7103 
0.46616 0.0579616 0.709132 5.22753 -1.56549 34.9771 
0.51817 0.0237034 0.349419 4.8007 -1.89823 33.8995 
0.483506 0.023789 0.3881 4.91569 -1.74789 33.8947 
0.448662 0.0653149 0.426283 5.28043 -1.60706 33.8098 
0.450305 0.0374155 -0.216505 5.23124 -1.97 31.5659 
0.431447 0.0553909 0.706545 5.32584 -1.91467 34.7538 
0.430982 0.0541206 0.385973 5.21711 -1.62493 33.6669 
0.464751 0.0351952 0.464979 4.87888 -1.56779 33.8066 
0.446889 0.0655375 0.426391 5.06594 -1.59604 33.8104 
0.447817 0.0182551 -0.236356 4.79325 -1.63983 31.4951 
0.430642 0.0567762 0.687447 5.22753 -1.6007 34.7557 
0.500331 0.0120986 0.405735 4.73226 -2.15486 33.7427 
0.465739 0.0138869 0.444664 4.85856 -1.63208 33.7362 
0.465764 0.0151669 0.464188 4.86659 -1.38188 33.7321 
0.50205 0.00965271 -0.216172 4.83892 -1.52793 31.5648 
0.484024 0.0491364 0.70781 5.1716 -1.29707 34.8248 
0.480865 0.068866 0.347365 4.86662 -0.936872 33.5912 
0.535992 0.0383028 0.390226 4.88665 -1.13549 34.0391 
0.500113 0.100811 0.47022 5.26905 -1.05348 34.2489 
0.500257 0.0323463 -0.214954 4.76093 -1.14967 31.637 
0.483128 0.07129 0.689574 5.19849 -0.988302 34.9001 
0.517526 0.00602293 0.329709 4.58852 -1.20663 33.8264 
0.500452 0.0380711 0.409561 4.89202 -1.04362 34.0379 
0.466395 0.100586 0.465731 5.49094 -0.848639 33.796 
0.466511 0.0310345 -0.234527 4.97605 -1.19677 31.6418 
0.464343 0.0792788 0.688606 5.14089 -1.43655 34.8268 
0.464009 0.033912 0.327263 4.76572 -1.63682 33.6014 
0.429192 0.057338 0.483203 5.02012 -1.1078 33.6503 
0.430088 0.0568943 0.46597 5.12563 -1.17816 33.88 
0.465545 0.0297756 -0.217541 4.85923 -1.49885 31.4137 
0.465195 0.0782198 0.686207 5.24185 -1.62741 34.6005 
0.464978 0.0349782 0.305838 4.88128 -1.333 33.376 
0.483421 0.0465983 0.445064 5.05302 -1.37406 33.7306 
0.446959 0.0456266 0.464329 4.94549 -1.46289 33.7305 
0.448624 0.0167735 -0.219478 4.89093 -1.95292 31.2664 
0.413657 0.065726 0.703675 5.39181 -1.8089 34.4509 
0.446864 0.0425476 0.442337 4.92552 -2.08466 33.5095 
0.447922 0.0230383 0.42449 4.91714 -1.77738 33.6642 
0.411417 0.0647747 0.385431 5.06922 -1.50901 33.5914 
0.413201 0.018667 -0.219171 4.9109 -1.36637 31.266 
0.428916 0.0573251 0.66606 5.01569 -1.46657 34.532 
0.465716 0.0341241 0.38523 4.98167 -1.64212 33.5918 
0.430219 0.0127978 0.425199 4.85919 -1.66816 33.7416 
0.412428 0.0232292 0.42455 4.9258 -1.56327 33.6655 
0.431798 0.0068503 -0.199424 4.94259 -1.78523 31.3402 
0.430734 0.0359115 0.684366 5.10171 -1.59463 34.4556 
0.446982 0.0662864 0.38562 5.07188 -1.35069 33.5885 
0.465648 0.0346552 0.445525 4.98375 -1.63727 33.8096 
0.410544 0.0449812 0.462098 4.84061 -1.42862 33.5061 
0.377501 0.0374046 -0.201443 5.02952 -1.65125 31.113 
0.376366 0.0647632 0.682099 5.17732 -1.83309 34.2301 
0.393737 0.0318706 0.380591 4.87351 -1.7653 33.1435 
0.394611 0.0106707 0.439846 4.85199 -1.94698 33.2884 
0.411416 0.0214513 0.458591 4.80507 -1.98672 33.2081 
0.395312 0.00450226 -0.201903 4.8264 -2.12339 31.1174 
0.342802 0.0219149 0.660804 5.14206 -1.86981 34.0881 
0.34137 0.0193856 0.357217 4.91651 -1.88215 32.7731 
0.376885 -0.000946124 0.418811 4.78538 -2.08709 33.1431 
0.376703 0.0189769 0.458224 4.904 -2.33677 33.2115 
0.342048 -0.00744269 -0.205822 4.76453 -2.17076 30.744 
0.289264 0.0506613 0.697158 5.324 -2.17204 33.8565 
0.342148 -0.0047968 0.396701 4.87566 -2.68647 32.9238 
0.326173 -0.0156826 0.416577 5.02891 -2.7105 32.9981 
0.395411 -0.0144654 0.438311 4.80576 -2.87839 33.2189 
0.342899 -0.00840531 -0.206 4.86612 -2.36248 30.7446 
0.378115 0.0415506 0.697937 5.25139 -2.33272 33.9286 
0.375089 0.0195137 0.359486 4.69399 -2.08612 32.9993 
0.376885 -0.000946124 0.418811 4.78538 -2.08709 33.1431 
0.361763 0.00881899 0.40082 5.17199 -2.06357 33.2962 
0.395266 0.00407964 -0.182627 4.82312 -2.24563 31.1149 
0.397792 0.0308845 0.621128 5.40111 -2.33211 34.0155 
0.446308 -0.0197483 0.398912 4.44298 -2.00443 33.0687 
0.410748 0.00249083 0.419356 4.58486 -1.54532 33.1392 
0.517163 0.0240628 0.441783 4.69274 -1.94353 33.4315 
0.445955 0.0174398 -0.202137 4.57093 -1.87155 31.0373 
0.377312 0.0644531 0.638929 5.28422 -1.7786 33.782 
0.359947 0.0300398 0.378074 5.08471 -1.93376 32.919 
0.393779 -0.0324511 0.476605 4.48213 -2.36179 33.138 
0.380315 -0.00351666 0.437623 5.19977 -2.6038 33.1411 
0.358892 -0.0198941 -0.224767 4.577 -2.70656 30.8254 
0.359603 0.00884814 0.656695 4.94998 -2.52611 33.7135 
0.323459 0.00617462 0.415505 4.83739 -2.51209 32.8448 
0.323459 0.00617462 0.415505 4.83739 -2.51209 32.8448 
0.393729 -0.035011 0.437557 4.46608 -2.86218 33.1462 
0.325867 0.000218233 -0.168277 5.02775 -2.69379 30.6641 
0.325676 0.0273631 0.674315 5.28309 -2.82201 33.5598 
0.340422 -0.00424789 0.375313 4.66382 -2.55234 32.7001 
0.359049 0.0089663 0.435217 4.84807 -2.10356 32.8378 
0.358937 0.030592 0.474878 4.97801 -1.9808 32.9046 
0.395269 0.00388691 -0.187067 4.82186 -2.24389 30.6614 
0.376409 0.0412422 0.63775 5.03482 -2.32655 33.7114 
0.358193 0.00779159 0.377072 4.73372 -2.28999 32.8479 
0.37668 0.0392141 0.39879 5.02711 -2.34681 33.0671 
0.375988 -0.000406114 0.438265 4.6805 -2.01761 33.1401 
0.395339 0.00568587 -0.184599 4.8338 -1.87233 30.8865 
0.428959 0.0338041 0.621711 4.87319 -1.96003 34.0133 
0.431009 0.0335943 0.438746 5.09211 -1.61227 33.131 
0.411462 0.0218739 0.439315 4.80835 -1.86448 33.2106 
0.446149 0.00155106 0.460068 4.57026 -2.00478 33.3598 
0.412995 0.0155038 -0.166032 4.88847 -2.10378 30.8067 
0.377311 0.0428395 0.676619 5.15246 -2.01788 33.7037 
0.375965 0.0198311 0.378831 4.80361 -2.02764 32.9957 
0.357276 0.00918896 0.435325 4.63358 -2.09255 32.8384 
0.37426 -0.0213744 0.456787 4.33753 -2.12364 33.0649 
0.37669 -0.0282845 -0.168014 4.52252 -2.43243 30.6641 
0.359674 0.0105507 0.656943 4.96129 -2.15367 33.7118 
0.356356 0.0299662 0.395345 4.65181 -2.0331 32.691 
0.393647 0.0309289 0.416922 4.86631 -2.00891 32.9118 
0.428494 -0.0083632 0.439282 4.51496 -1.77245 33.2128 
0.411313 0.0165717 -0.204476 4.68055 -1.84829 30.8122 
0.376416 0.0648967 0.656163 5.17872 -1.70824 33.5522 
0.375926 0.043063 0.41652 4.94423 -1.53157 32.8341 
0.393762 0.011537 0.437804 4.74977 -1.75439 33.0612 
0.408926 -0.0192263 0.47865 4.23594 -1.8967 33.2859 
0.39354 0.00462855 -0.204015 4.61128 -2.11151 30.8912 
0.448453 0.0214474 0.622005 5.00976 -2.44838 34.0905 
0.376081 0.0220527 0.362024 4.81884 -1.53384 33.2233 
0.410568 0.0439311 0.418859 4.83461 -1.55483 33.0591 
0.463115 0.0149758 0.44273 4.54185 -1.42847 33.5095 
0.44681 0.0186145 -0.143992 4.68529 -1.68512 31.0271 
0.46462 0.0382984 0.641672 4.89518 -1.17907 34.0047 
0.481 0.00529324 0.402608 4.48118 -1.28801 33.3638 
0.429229 0.0101625 0.420441 4.73372 -2.21957 33.2908 
0.449001 -0.0166118 0.468297 4.78629 -1.46094 34.1902 
0.48246 0.0190268 -0.236237 4.68301 -1.66221 31.4933 
0.468094 0.0579567 0.607958 5.44588 -1.336 34.5369 
0.463877 0.056395 0.405723 4.9004 -1.3861 33.6616 
0.51905 0.0261581 0.427088 4.92309 -1.46161 33.8853 
0.500565 -0.0245479 0.505823 4.51196 -1.26767 34.0307 
0.465588 0.00868102 -0.196907 4.73138 -1.61676 31.5646 
0.448503 0.0457173 0.625582 5.15821 -1.70957 34.3873 
0.395491 0.0541188 0.381592 5.2245 -1.40907 33.2146 
0.46744 0.012058 0.446528 5.06237 -2.01641 33.9641 
0.409709 0.00205209 0.503297 4.47201 -1.84516 33.8091 
0.395311 0.00459863 -0.199683 4.82703 -2.12427 31.3441 
0.395257 0.0113978 0.622773 4.96046 -2.12505 34.169 
0.395461 0.00980448 0.441888 4.95421 -2.13958 33.5157 
0.394585 0.00948713 0.422542 4.84459 -2.19805 33.5193 
0.410786 -0.0399281 0.484341 4.32713 -1.90513 33.8922 
0.431816 -0.0155242 -0.198313 4.80672 -2.15335 31.4952 
0.411953 0.0653212 0.641268 5.17461 -1.80186 34.007 
0.41059 0.0454038 0.442823 4.8439 -1.30638 33.5085 
0.448038 0.00354999 0.443153 4.79998 -1.52199 33.5868 
0.481849 -0.0147601 0.507323 4.46629 -1.34436 34.1825 
0.483334 -0.00217301 -0.176981 4.66149 -1.8439 31.6383 
0.395194 0.0549633 0.603248 5.22482 -1.63988 34.0897 
0.340452 0.0424929 0.38 4.94877 -1.44629 33.0686 
0.377651 0.0426104 0.440128 5.15669 -1.66657 33.2846 
0.413441 -0.0376961 0.561901 4.66401 -1.47952 33.8774 
0.39455 -0.015207 -0.200366 4.60025 -1.92735 31.2703 
0.448589 0.00119812 0.604088 4.88848 -2.32182 34.2464 
0.412467 -0.0217126 0.422331 4.65279 -2.29775 33.5221 
0.360793 0.00775277 0.422246 5.05643 -2.36739 33.5216 
0.376928 -0.0412278 0.542119 4.54042 -2.06876 33.8855 
0.413103 -0.0275427 -0.163563 4.62803 -2.46758 31.1152 
0.378227 0.0415385 0.620586 5.25323 -2.2162 33.94 
0.375943 0.0207848 0.419851 4.80898 -1.90056 33.2159 
0.394656 0.0111897 0.422791 4.85591 -1.82562 33.5177 
0.410746 -0.0165999 0.524249 4.46838 -1.40993 33.9574 
0.412232 -0.00410916 -0.162275 4.66294 -1.90861 31.1864 
0.413101 0.0250435 0.62256 5.04104 -1.48939 34.0884 
0.394482 0.0762845 0.440706 5.24956 -1.21682 33.2784 
0.427439 0.0350897 0.482202 4.66913 -1.46403 33.5792 
0.464012 -0.00475131 0.525949 4.52962 -1.3617 34.1039 
0.430025 0.00707296 -0.199316 4.7281 -1.77422 31.3408 
0.394273 0.0541269 0.600958 5.11128 -1.81972 33.8641 
0.413366 -0.022349 0.400657 4.75704 -2.36637 33.2983 
0.37778 -0.0230033 0.439268 4.75912 -2.39674 33.2946 
0.358214 -0.0315363 0.541399 4.49413 -2.14457 33.8105 
0.361565 -0.0400365 -0.146095 4.778 -2.64907 30.9656 
0.304429 0.0390851 0.63533 4.92728 -2.4506 33.4898 
0.340399 -0.00329416 0.416332 4.66919 -2.42525 32.9203 
0.359762 0.0284457 0.457396 5.0722 -2.4236 33.136 
0.376031 -0.0406877 0.561572 4.43555 -1.99927 33.8825 
0.395266 0.00407964 -0.182627 4.82312 -2.24563 31.1149 
0.411123 0.0437165 0.638117 4.93588 -1.9765 33.708 
0.428268 0.0542679 0.42037 4.89319 -1.66492 33.2085 
0.481532 0.0445994 0.46198 4.8233 -1.85685 33.5036 
0.480101 -0.0132575 0.526955 4.25983 -1.08314 34.179 
0.481633 -0.00034412 -0.178845 4.45768 -1.45958 31.4105 
0.482297 0.0689688 0.585969 5.07751 -1.30007 34.2365 
0.499396 0.0574841 0.425188 4.89977 -1.35002 33.6563 
0.500336 0.0358495 0.426368 4.87679 -1.53742 33.8103 
0.497689 -0.00290846 0.605817 4.31658 -1.30976 34.317 
0.428321 -0.0126153 -0.16127 4.39315 -1.63005 31.2615 
0.447694 0.0232553 0.583631 4.91474 -2.01217 34.0949 
0.375156 -0.000204478 0.401864 4.5748 -1.95471 33.3729 
0.341345 -0.00117784 0.438146 4.79075 -1.99522 33.1419 
0.357296 -0.0301389 0.599652 4.394 -1.94713 33.801 
0.342026 -0.00648896 -0.164803 4.7699 -2.04367 30.9643 
0.359651 0.0307879 0.59751 5.0844 -2.16371 33.5674 
0.35732 0.00970795 0.41827 4.6375 -1.97118 33.0676 
0.358107 0.0306972 0.436257 4.87168 -1.91703 32.9106 
0.392725 -0.00828156 0.619978 4.51856 -1.91624 33.869 
0.376643 -0.00699721 -0.184208 4.65163 -2.31626 30.9666 
0.359651 0.0307879 0.59751 5.0844 -2.16371 33.5674 
0.376078 -0.021078 0.439624 4.55594 -2.01328 33.2936 
0.395553 -0.0110602 0.438807 4.82839 -2.13352 33.2156 
0.410678 -0.0377787 0.620014 4.33807 -1.6435 33.8701 
0.393609 -0.015186 -0.163857 4.49146 -1.97923 31.0381 
0.376593 0.0429327 0.560648 5.04796 -1.83759 33.7212 
0.393714 0.0112107 0.4593 4.74711 -1.8775 33.2855 
0.429254 0.0114425 0.439965 4.74174 -1.96937 33.2867 
0.483572 -0.0584397 0.606311 4.41523 -1.95793 34.4765 
0.44784 -0.023692 -0.141452 4.53775 -1.8682 31.3345 
0.446778 0.0461698 0.601975 4.94574 -1.57457 33.9368 
0.42666 0.0376586 0.480408 4.57822 -0.898992 33.3503 
0.464889 0.0147531 0.442622 4.75634 -1.43948 33.5089 
0.462195 -0.00271756 0.605876 4.32524 -1.09564 34.3182 
0.447731 0.0194508 -0.141702 4.79882 -1.50528 31.2528 
0.428176 0.0342356 0.561594 4.76951 -1.77315 33.795 
0.429325 0.0131451 0.440213 4.75306 -1.59693 33.2851 
0.376955 0.000852844 0.42128 4.79732 -1.71553 33.3682 
0.427371 -0.00527613 0.68064 4.42171 -1.56134 34.0834 
0.375751 0.0172937 -0.144121 4.69129 -1.62933 31.0312 
0.374825 0.0451963 0.616859 4.84561 -1.44755 33.4844 
0.393831 0.013336 0.440272 4.76171 -1.38282 33.2863 
0.409714 0.0233765 0.458947 4.60189 -1.60326 33.2071 
0.427531 -0.0242455 0.682246 4.30846 -1.18458 34.2351 
0.430074 -0.0119806 -0.122578 4.61239 -1.51311 31.2543 
0.46383 0.0150754 0.563142 4.64761 -1.6105 33.9456 
0.463115 0.0149758 0.44273 4.54185 -1.42847 33.5095 
0.499576 -0.00566605 0.461155 4.51762 -1.57892 33.4314 
0.479919 -0.0126179 0.666821 4.26071 -1.19569 34.6121 
0.498392 0.0100138 -0.140825 4.40747 -1.62155 31.3277 
0.465559 0.0360436 0.544619 4.99058 -1.50447 34.0208 
0.445258 0.0474555 0.462465 4.74168 -1.07857 33.5027 
0.482726 0.00474434 0.423996 4.69302 -1.42214 33.5875 
0.479901 0.00975667 0.66571 4.39659 -0.827578 34.457 
0.48067 0.0222442 -0.139007 4.48602 -1.14509 31.4767 
0.46287 0.0591808 0.56307 4.80709 -1.05586 33.8633 
0.463052 0.0585412 0.423205 4.8062 -0.943306 33.4303 
0.481857 0.0280815 0.423063 4.7273 -0.862297 33.4319 
0.515528 -0.0322007 0.687644 4.13552 -1.15529 34.7602 
0.497521 0.0334473 -0.139538 4.44239 -1.06258 31.3989 
0.515214 0.0702894 0.5647 4.75542 -1.18833 34.011 
0.513802 0.0284323 0.42544 4.29029 -1.05525 33.6586 
0.516454 0.0284306 0.442458 4.61377 -1.00693 33.4277 
0.495788 0.0436445 0.707238 4.38192 -0.431452 34.6721 
0.533152 0.0346206 -0.195204 4.44422 -0.910844 31.6318 
0.515285 0.071992 0.564948 4.76673 -0.815896 34.0094 
0.516453 0.0501405 0.406988 4.74617 -0.76851 33.7327 
0.497854 0.0187301 0.462621 4.45094 -0.828221 33.5021 
0.532337 0.00242706 0.729242 4.23376 -0.57845 34.9742 
0.484234 -0.000479308 -0.135892 4.77976 -1.5361 31.8574 
0.482361 0.0470169 0.567804 4.94492 -1.54595 34.394 
0.483403 0.0496894 0.544407 5.07116 -0.868816 33.9402 
0.501347 0.0160139 0.430017 4.86576 -1.35326 34.1894 
0.516129 0.0306143 0.714013 4.62197 -1.11414 35.4301 
0.537544 0.0118883 -0.151248 4.84492 -1.3665 32.2332 
0.500269 0.0388071 0.551646 4.89354 -1.15704 34.6977 
0.534196 0.0394792 0.431353 4.67753 -0.997389 34.2599 
0.500425 0.0368875 0.392257 4.88463 -1.29468 34.2687 
0.51714 -0.0109312 0.753132 4.47855 -1.16839 35.5042 
0.482434 -0.00144026 -0.153088 4.55787 -1.77616 32.0889 
0.430778 0.055714 0.566858 5.22336 -1.61039 34.3202 
0.448841 0.023971 0.429001 5.03131 -1.59841 34.1166 
0.465712 0.0127033 0.42736 4.85116 -1.88315 33.9671 
0.481574 -0.0340565 0.790633 4.34413 -1.566 35.4288 
0.429889 0.0297487 -0.116416 4.86403 -1.52524 31.8545 
0.430869 0.0349457 0.565996 5.09817 -1.6052 34.2468 
0.463802 0.0332716 0.447605 4.75858 -1.99957 34.0386 
0.411524 0.000114709 0.42559 4.67702 -2.11209 33.8217 
0.445894 -0.0161762 0.769562 4.45801 -1.97885 35.2824 
0.378326 0.0159749 -0.118472 5.00597 -1.95692 31.709 
0.411187 0.0434745 0.584482 4.93569 -1.98396 34.1705 
0.446886 0.0440204 0.466301 4.9348 -1.8362 33.9589 
0.451444 0.0429265 0.367061 5.46987 -1.81032 33.7454 
0.498405 -0.000382415 0.791212 4.437 -1.11625 35.4227 
0.463702 0.0306257 -0.154918 4.64746 -1.48386 31.8588 
0.482382 0.0461595 0.529005 4.94018 -1.6739 34.4006 
0.445274 0.0252737 0.468016 4.60706 -1.44843 34.1113 
0.467531 0.0129032 0.407977 5.06894 -1.77192 33.969 
0.498334 -0.00208501 0.790963 4.42568 -1.48869 35.4243 
0.482324 0.020089 -0.115647 4.68718 -1.65252 31.9289 
0.465467 0.0569083 0.547701 5.1164 -1.51054 34.3209 
0.569637 -0.00640235 0.469846 4.38992 -2.19134 34.3371 
0.500309 0.0130524 0.446755 4.73763 -2.02778 33.9629 
0.444036 0.0284693 0.788944 4.51261 -1.35471 35.1971 
0.446916 -0.0242392 -0.137082 4.42611 -2.05066 31.7892 
0.412175 0.0221662 0.564167 4.91537 -2.04825 34.1002 
0.375921 0.0434484 0.4254 4.94675 -1.53506 33.7411 
0.376837 -0.00117601 0.442527 4.78335 -2.21107 33.5942 
0.410289 -0.0160695 0.844752 4.4642 -1.88038 35.0454 
0.395286 -0.0159648 -0.118753 4.70127 -2.23734 31.7129 
0.378319 0.0423838 0.582035 5.2598 -1.97172 33.9449 
0.393576 0.0316528 0.481657 4.86965 -2.0058 33.5831 
0.429225 -0.0112583 0.462571 4.60321 -2.4606 33.6661 
0.392451 -0.00606075 0.863377 4.52753 -1.89773 34.9668 
0.393489 -0.0171185 -0.140389 4.47812 -2.47565 31.4908 
0.37569 0.0197218 0.559468 4.79855 -2.38555 33.6506 
0.395439 0.0107582 0.482908 4.95958 -2.0125 33.736 
0.394427 0.0306902 0.481479 4.97124 -2.19753 33.5836 
0.356938 0.016601 0.864546 4.67269 -1.31637 35.0397 
0.429702 0.00421099 -0.0621665 4.70573 -2.63077 31.5503 
0.393462 0.0317613 0.561227 4.86845 -2.1232 33.7984 
0.394517 0.0100182 0.482837 4.84668 -2.19321 33.7371 
0.393708 -0.0124438 0.440887 4.60321 -2.49581 33.4446 
0.409342 -0.0180895 0.825158 4.34327 -2.31129 35.0506 
0.412065 -0.0280778 -0.0818425 4.51456 -2.76655 31.5584 
0.341899 0.0179874 0.559171 5.01039 -2.55488 33.6529 
0.341116 0.018419 0.499054 4.90671 -2.368 33.4346 
0.377439 0.0374063 0.437163 5.12213 -2.78301 33.0627 
0.340081 -0.018353 0.844444 4.57179 -2.01632 35.05 
0.374729 -0.00784967 -0.121833 4.42854 -2.6737 31.4134 
0.358885 0.00894128 0.540723 4.84548 -2.34581 33.7309 
0.411322 0.0207988 0.501582 4.79975 -2.23294 33.6568 
0.431067 -0.0120121 0.402168 4.81562 -2.47646 33.4477 
0.444955 -0.0139215 0.866614 4.36261 -1.65345 35.2663 
0.481382 0.02011 -0.079138 4.57838 -1.70441 31.6967 
0.482319 0.0680151 0.54495 5.07213 -1.42716 34.0163 
0.465543 0.0799353 0.503599 5.25759 -0.896199 33.7172 
0.500407 0.0375521 0.426616 4.88811 -1.16498 33.8086 
0.514362 0.0135944 0.870677 4.30188 -0.586975 35.5579 
0.462876 0.0328683 -0.135216 4.55389 -1.04193 31.8542 
0.486958 0.00350411 0.533548 5.22226 -1.87989 34.9335 
0.468267 0.0338554 0.454119 5.30236 -1.8435 34.7166 
0.536769 0.0575402 0.35877 5.11058 -1.46298 34.7998 
0.538156 0.02108 0.882538 5.09737 -1.29863 36.8416 
0.572942 0.0328511 -0.141566 4.96397 -1.5893 33.2124 
0.590817 0.0497702 0.52326 5.15839 -1.46538 35.756 
0.609598 0.039644 0.465905 5.20323 -1.39528 35.84 
0.592816 0.0278134 0.403921 5.24415 -1.48176 35.4734 
0.626133 0.0355956 0.889045 5.06093 -0.902092 37.4383 
0.591703 0.0259124 -0.0973582 5.02758 -1.01483 33.7327 
0.607623 0.0821643 0.504315 5.24323 -1.26582 35.754 
0.573163 0.0614695 0.464783 5.23486 -0.993759 35.6873 
0.557213 0.0711471 0.403731 5.51387 -0.904723 35.3928 
0.572732 0.0439963 0.905262 5.12097 -1.07689 37.1358 
0.572135 0.0343327 -0.158443 4.8663 -1.2762 33.441 
0.502639 0.099262 0.519585 5.58171 -1.50506 35.3777 
0.538334 0.0567736 0.481224 5.31856 -1.83761 35.4631 
0.486012 0.0447112 0.438575 5.36485 -1.83222 35.0952 
0.465949 0.0600368 0.901117 5.23693 -1.55531 36.7643 
0.485837 0.0189419 -0.122067 5.11191 -1.92998 33.2924 
0.484144 0.0442814 0.481674 5.14505 -2.06743 35.5444 
0.521483 0.0455704 0.481755 5.3622 -1.92012 35.541 
0.555432 0.0261017 0.423116 5.02372 -1.75131 35.4744 
0.554868 0.0528215 0.906584 5.1769 -1.3453 37.2882 
0.608639 -0.00730728 -0.117164 4.71485 -1.54544 33.7407 
0.58983 0.092692 0.505885 5.31047 -1.1618 35.9046 
0.606864 0.0839721 0.465941 5.14821 -0.829614 35.7584 
0.66114 0.0735587 0.406307 5.18376 -0.972759 35.6144 
0.642828 0.0896153 0.909761 5.27571 -0.579774 37.503 
0.606626 0.0800584 -0.078755 5.02723 -0.680624 33.5712 
0.642381 0.0851576 0.487626 5.14821 -0.794403 35.9798 
0.605967 0.0845121 0.485395 5.04334 -0.760128 35.7554 
0.590082 0.0721415 0.403957 5.18913 -0.916096 35.3917 
0.588774 0.0351639 0.927764 4.84853 -0.921443 37.4352 
0.555128 0.0442363 -0.101196 5.03595 -1.35731 33.3565 
0.519689 0.068264 0.482972 5.28421 -1.54186 35.6133 
0.536697 0.0366505 0.461195 4.98216 -1.69917 35.3928 
0.519869 0.0243973 0.418487 5.0198 -1.90789 35.0237 
0.483583 0.0708084 0.960703 5.29697 -1.65968 36.9047 
0.483031 0.0399539 -0.0845881 4.91382 -1.97604 33.1341 
0.484035 0.0657143 0.516895 5.27372 -1.94292 35.1577 
0.484168 0.0432313 0.438435 5.13905 -2.19364 35.0975 
0.501312 -0.00872782 0.39652 4.7151 -2.22351 34.8062 
0.481832 0.0700774 0.919791 5.07711 -1.77575 36.6851 
0.518596 0.0414656 -0.0843993 4.91648 -1.81772 33.1312 
0.536471 0.0776681 0.479973 5.22863 -1.83092 35.3103 
0.536542 0.0793707 0.480221 5.23994 -1.45848 35.3086 
0.588998 0.0687573 0.43997 5.05772 -1.71285 35.1628 
0.551167 0.0958907 0.923607 5.00506 -1.08172 36.9784 
0.571103 0.0551221 -0.121073 4.8827 -1.33328 33.2822 
0.554222 0.090565 0.520532 5.30327 -1.44062 35.4515 
0.57208 0.0796988 0.463106 5.2352 -1.55123 35.5366 
0.553504 0.0689482 0.44003 5.06637 -1.49874 35.164 
0.535238 0.0854275 0.924208 5.1616 -0.983515 37.0551 
0.500811 0.0972614 -0.102106 5.25938 -0.856093 33.201 
0.571208 0.0815188 0.502084 5.13835 -1.23155 35.5296 
0.570378 0.0816241 0.463463 5.03202 -1.16778 35.5356 
0.571253 0.0796114 0.420045 5.12761 -1.48572 35.0891 
0.536203 0.0434594 0.982602 5.01489 -1.16001 37.1267 
0.535446 0.0527651 -0.0827103 4.87347 -1.73608 33.2801 
0.501022 0.0566681 0.498447 5.10881 -1.73385 35.2357 
0.534742 0.0566999 0.498495 4.88566 -1.93695 35.2351 
0.518929 0.0460319 0.417306 5.04277 -1.72048 34.8698 
0.533439 0.0627566 0.942482 4.80732 -1.46198 36.9816 
0.570965 0.0538542 -0.0632458 4.87284 -1.7 33.2748 
0.551572 0.0904703 0.501294 4.97916 -1.48807 35.4557 
0.534704 0.101545 0.498494 5.15804 -1.20159 35.1517 
0.588147 0.06972 0.440148 4.95613 -1.52113 35.1623 
0.568938 0.0863166 0.963056 4.94319 -1.05866 37.0479 
0.606621 0.0563075 -0.0993881 4.8827 -1.29806 33.5036 
0.500044 0.144762 0.459575 5.53593 -0.571805 35.0766 
0.552566 0.114526 0.463922 5.23514 -0.695637 35.5312 
0.570427 0.081854 0.439747 5.03405 -1.04379 35.0845 
0.568131 0.0877982 0.946178 4.84552 -0.745562 37.2766 
0.552232 0.10763 -0.100546 5.09482 -1.16928 33.3498 
0.570307 0.0799215 0.463214 5.02071 -1.54021 35.5372 
0.532995 0.0798161 0.480437 4.81096 -1.43645 35.3098 
0.516168 0.0891764 0.400039 4.98036 -1.40589 35.0189 
0.497808 0.0832932 0.962678 4.93788 -1.3753 37.0537 
0.51579 0.0841875 -0.0823907 4.85078 -1.62536 33.278 
0.517919 0.0682939 0.47864 5.06846 -1.52911 35.1603 
0.498399 0.0793706 0.458823 4.92386 -1.29095 35.0873 
0.552673 0.04744 0.439098 4.82828 -1.67426 35.0918 
0.532613 0.0649993 0.962184 4.71376 -1.02006 36.9769 
0.550641 0.0663161 -0.102161 4.62994 -1.14788 33.2037 
0.569393 0.10274 0.479337 5.05108 -1.10174 35.1524 
0.620949 0.0712455 0.50067 4.63347 -1.52765 35.3789 
0.569616 0.0594883 0.400016 4.79121 -1.34727 35.0188 
0.532522 0.0857676 0.963045 4.83895 -1.02525 37.0503 
0.586939 0.0648364 -0.0809025 4.72022 -1.67683 33.4273 
0.534794 0.0808734 0.499853 5.03348 -1.19727 35.3051 
0.516125 0.0909874 0.479858 4.99047 -1.15085 35.2326 
0.484152 0.108737 0.359724 5.53782 -1.34608 34.8721 
0.532567 0.0645766 0.981459 4.71047 -1.1423 36.9745 
0.516894 0.0433909 -0.0840432 4.7133 -1.43426 33.1302 
0.499995 0.101208 0.55645 5.26974 -1.17349 35.1445 
0.516054 0.0892848 0.479609 4.97916 -1.52328 35.2343 
0.499298 0.0787342 0.437149 5.02811 -1.35957 34.8635 
0.51558 0.0736228 0.999907 4.87538 -1.35137 36.8965 
0.550615 0.0434226 -0.0839945 4.49015 -1.63736 33.1296 
0.496401 0.120514 0.475489 4.95521 -1.41082 34.7786 
0.532861 0.099969 0.496134 4.93161 -1.56215 34.9272 
0.534884 0.0576786 0.434008 4.89363 -1.56762 34.5622 
0.496912 0.0837369 0.979912 4.83238 -1.30495 36.8239 
0.51685 0.0428719 -0.0669877 4.70938 -1.55563 32.901 
0.516011 0.0886695 0.494445 4.97461 -1.64378 34.7783 
0.516101 0.0679976 0.495804 4.85005 -1.63946 34.9317 
0.516215 0.0678891 0.416233 4.85125 -1.52206 34.7164 
0.551145 0.0751345 1.0001 4.87804 -1.19305 36.8936 
0.552368 0.0656709 -0.0829931 4.84115 -1.28113 33.2007 
0.587139 0.0918856 0.499263 4.98118 -1.32888 35.2261 
0.586333 0.0932709 0.480165 4.88288 -1.01491 35.228 
0.62201 0.0731569 0.440693 4.7556 -0.979351 35.1583 
0.601877 0.08911 0.965751 4.6304 -0.698463 37.2719 
0.621749 0.0702933 -0.0607637 4.64062 -0.704147 33.4182 
0.621922 0.0961589 0.502098 4.89419 -0.607262 35.4478 
0.656541 0.117264 0.445003 4.90768 -0.640561 35.5284 
0.674425 0.107582 0.404881 4.84702 -0.500105 35.3826 
0.692551 0.104047 0.969999 4.92073 -0.131356 37.6401 
0.691105 0.0952492 -0.0957479 4.56384 -0.13807 33.718 
0.710819 0.109084 0.445911 4.95663 -0.406423 35.6005 
0.655831 0.121632 0.445677 4.82872 0.296041 35.5246 
0.691482 0.0786246 0.424372 4.56165 -0.157883 35.3808 
0.655239 0.103941 0.987222 4.71098 -0.0275953 37.4127 
0.638669 0.0832954 -0.0588265 4.60893 -0.250073 33.5654 
0.640682 0.0868901 0.483542 4.94377 -0.409207 35.5252 
0.621027 0.118216 0.481641 4.92045 -0.297618 35.2963 
0.637068 0.107054 0.44138 4.63398 -0.518584 35.1528 
0.640273 0.0708897 0.947985 4.83917 -0.243882 37.4232 
0.620923 0.0725359 -0.0410619 4.54706 -0.262223 33.4136 
0.621922 0.0961589 0.502098 4.89419 -0.607262 35.4478 
0.602403 0.107236 0.48228 4.7496 -0.369111 35.3747 
0.640814 0.0644071 0.405082 4.8091 -0.659927 35.465 
0.533522 0.111865 0.981776 5.10707 0.146207 36.8883 
0.639566 0.0827554 -0.0782801 4.7138 -0.319559 33.5684 
0.656566 0.118544 0.464527 4.91571 -0.390364 35.5243 
0.656567 0.140158 0.426837 5.04748 -0.151077 35.6025 
0.674541 0.0880933 0.423544 4.72985 -0.244714 35.3052 
0.638324 0.11469 1.00592 4.8872 0.135771 37.3331 
0.674233 0.0849034 -0.0564176 4.61221 -0.0926211 33.7893 
0.638799 0.130256 0.483401 4.99035 -0.0352705 35.4441 
0.619344 0.11938 0.445418 4.71316 -0.0429935 35.5286 
0.655853 0.0990648 0.442348 4.69159 -0.0703317 35.2261 
0.691609 0.104068 1.00651 4.81194 -0.183239 37.4079 
0.65646 0.0512504 -0.0204869 4.41056 -0.594256 33.5633 
0.639831 0.0878527 0.48372 4.84218 -0.217481 35.5247 
0.620221 0.119698 0.464764 4.82278 0.0154773 35.525 
0.656814 0.0765728 0.404729 4.66387 -0.385693 35.3866 
0.620507 0.123841 0.985745 4.94579 -0.00952987 37.2611 
0.603084 0.104255 -0.0579059 4.74278 -0.0411522 33.64 
0.607813 0.126793 0.345172 5.51801 -0.295672 35.24 
0.638033 0.086699 0.462084 4.61903 -0.455791 35.3026 
0.602651 0.0652643 0.422483 4.49776 -0.36444 35.2371 
0.602753 0.0894273 0.985096 4.74001 -0.639993 37.2683 
0.604091 0.0388618 -0.0416403 4.45419 -0.711975 33.4197 
0.60523 0.0636564 0.441472 4.81055 -0.689422 35.2345 
0.60323 0.104897 0.460359 4.84253 -0.810163 35.1526 
0.603343 0.0831746 0.418478 4.71197 -0.932055 34.859 
0.531586 0.109539 1.02019 4.87469 -0.459696 36.8857 
0.584386 0.0676279 -0.0825883 4.41482 -1.10078 33.199 
0.570406 0.0827113 0.478546 5.03879 -0.915837 35.078 
0.586424 0.0725026 0.479304 4.75769 -1.00972 35.1547 
0.568791 0.0616346 0.417498 4.69702 -0.904473 34.7875 
0.585768 0.0983771 1.00132 4.9043 -0.848192 36.9635 
0.638663 0.037931 -0.0417698 4.33263 -1.1068 33.4196 
0.603232 0.1048 0.458138 4.8419 -0.809292 34.9258 
0.550035 0.0947507 0.458907 4.7926 -0.485959 35.0044 
0.567915 0.0613172 0.398152 4.5874 -0.962944 34.791 
0.568066 0.0881366 1.00203 4.84635 -0.738974 37.0409 
0.53375 0.0783449 -0.063941 4.81419 -0.734315 33.1199 
0.460962 0.1663 0.434776 5.24219 -0.215999 34.4745 
0.550841 0.0933654 0.478004 4.89091 -0.799926 35.0025 
0.51557 0.050305 0.398743 4.6397 -0.831337 34.8701 
0.585787 0.0760026 1.00243 4.76842 -1.21631 37.1186 
0.551677 0.0260506 -0.0435182 4.49454 -0.951935 33.2737 
0.534886 0.0600087 0.496772 4.90766 -1.19121 35.005 
0.534861 0.0587287 0.477248 4.89963 -1.4414 35.0091 
0.533988 0.0798322 0.415772 4.92052 -1.25885 34.6374 
0.531466 0.105181 0.978672 4.84669 -1.33166 36.6688 
0.584433 0.0270571 0.034059 4.16797 -1.07983 33.2611 
0.533901 0.102738 0.474957 5.05848 -0.885885 34.7001 
0.567757 0.0825203 0.457088 4.71405 -0.962421 34.8554 
0.622077 0.0510123 0.418088 4.62176 -1.22348 34.8623 
0.532528 0.0878085 1.01915 4.85109 -0.646228 36.8129 
0.60308 0.0587938 -0.0430692 4.46585 -0.897009 33.2674 
0.587348 0.0731462 0.477154 4.86996 -0.828135 34.9268 
0.568589 0.104029 0.45802 4.95215 -0.786904 34.9276 
0.568745 0.061212 0.436773 4.69374 -1.02671 34.785 
0.515562 0.0959973 0.998796 5.01126 -0.983256 36.7414 
0.550572 0.0452337 -0.00417587 4.50026 -1.38232 33.3432 
0.500153 0.0799089 0.495294 5.14246 -1.17314 34.8534 
0.498401 0.0792742 0.456603 4.92323 -1.29008 34.8605 
0.55196 0.0279605 0.416919 4.60415 -1.35422 34.7936 
0.533354 0.0855659 0.999446 4.94465 -1.08815 36.8175 
0.56848 0.0369275 -0.0225536 4.44825 -0.992538 33.4201 
0.568543 0.103606 0.477295 4.94886 -0.909144 34.9251 
0.585529 0.0945598 0.458848 4.78395 -0.700073 35.0032 
0.603389 0.0835972 0.399202 4.71525 -0.809815 34.8615 
0.54938 0.120625 0.980927 4.93921 -0.324433 36.8133 
0.603961 0.082862 -0.00309038 4.72 -0.221097 33.3314 
0.638841 0.106831 0.441272 4.84847 -0.5296 35.1522 
0.638774 0.107266 0.499347 4.84993 -0.523883 35.1432 
0.602517 0.0854172 0.43818 4.6184 -0.490131 34.8544 
0.584872 0.120531 0.983088 4.93119 -0.539419 37.0388 
0.604045 0.0384392 -0.0223648 4.45091 -0.834215 33.4173 
0.533991 0.0820659 0.476315 4.93391 -0.881562 34.8535 
0.534055 0.060114 0.45815 4.80133 -1.12744 35.0111 
0.516441 0.0268715 0.397455 4.60478 -1.39031 34.7989 
0.551074 0.0734319 0.999848 4.86673 -1.56549 36.8952 
0.517903 0.00194175 -0.0427044 4.5705 -1.48939 33.431 
0.499322 0.0584007 0.494363 4.90437 -1.34866 34.7811 
0.498492 0.0585059 0.455741 4.79804 -1.28489 34.7872 
0.516306 0.0471208 0.415372 4.72606 -1.51687 34.6431 
0.46057 0.0846977 0.975709 4.73818 -0.897362 36.3711 
0.497313 0.0570396 0.0125374 4.58292 -0.812241 33.0375 
0.550883 0.0699408 0.435876 4.74903 -1.29426 34.7105 
0.570386 0.0834723 0.515125 5.0429 -0.787009 34.8446 
0.606038 0.0620784 0.45613 4.9076 -1.00165 34.7791 
0.602665 0.110003 0.981517 4.86395 -0.643444 36.8881 
0.620899 0.0518761 0.0376473 4.42067 -0.374424 33.5555 
0.620307 0.0750822 0.441049 4.55242 -0.595898 35.1573 
0.531212 0.147585 0.457938 5.00738 -0.198853 34.8477 
0.606039 0.0836919 0.41844 5.03936 -0.762359 34.8573 
0.569008 0.0664057 1.00099 4.82274 -0.925506 36.9681 
0.550621 0.0478901 0.0370916 4.51694 -0.882797 33.5618 
0.550634 0.133622 0.460203 5.13326 -1.06051 35.1532 
0.586515 0.0517343 0.478443 4.6325 -1.00452 35.0813 
0.60433 0.0619627 0.400383 4.69228 -0.997219 35.0155 
0.603561 0.109559 0.964284 4.96945 -0.713801 37.1179 
0.621865 0.0315215 0.0583518 4.40572 -0.311631 33.7054 
0.62114 0.0964941 0.439761 4.78989 -0.41951 35.0027 
0.585692 0.0971076 0.420545 4.80183 -0.0831551 35.0064 
0.639024 0.0869079 0.401859 4.72985 -0.279925 35.0837 
0.63913 0.113208 1.0228 4.98488 -0.177324 37.1044 
0.655567 0.0756377 0.02182 4.45084 0.0918002 33.8547 
0.674567 0.0893733 0.443068 4.73788 0.0054834 35.3011 
0.655001 0.100027 0.442526 4.59 0.121395 35.2256 
0.674678 0.0677477 0.403407 4.60795 -0.11728 35.2343 
0.636527 0.113536 0.984282 4.66405 -0.102539 37.111 
0.603152 0.0628265 0.0199421 4.49119 -0.148159 33.7086 
