-0.917926 0.634985 5.0223 8.64756 11.058 15.1869 
0.128958 0.0391692 1.22217 3.14439 2.00148 0.749953 
-0.574607 0.443744 3.27693 8.61775 8.14437 8.57419 
-0.840641 0.451528 2.97881 7.30182 9.65659 8.07007 
-0.338014 0.205943 0.729977 1.57238 3.78781 1.62111 
-1.39205 0.862598 3.84735 7.72833 12.9547 12.5126 
-0.443866 0.299953 1.27666 2.94856 5.07626 2.99421 
-0.644741 0.397595 2.64214 7.37721 10.9074 7.55836 
-0.577293 0.539322 3.10372 8.83219 9.41261 8.04079 
0.0614354 0.0255196 -0.0479684 1.35412 1.02749 -1.7807 
-1.10984 0.745567 4.5423 10.985 13.1336 12.5703 
-0.461332 0.280848 1.2021 2.66412 4.19303 3.27774 
-0.768968 0.382116 1.48592 4.62671 7.52205 4.04134 
-0.712525 0.390334 3.18525 8.19726 9.78508 8.59568 
-0.42428 0.253072 0.714326 1.95923 4.25242 1.46529 
-1.24292 0.877397 2.77656 7.64028 11.3955 9.18917 
-0.569078 0.325092 1.18434 2.35339 5.51057 2.53996 
-0.888652 0.630448 2.15452 5.71082 10.4701 6.58531 
-0.911946 0.658847 2.50339 5.45671 9.14136 7.21078 
-0.279662 0.173793 0.856633 2.19039 3.3659 0.505954 
-1.30065 0.799265 3.85945 7.85963 12.8595 11.9494 
-0.388715 0.124893 1.04044 1.52824 3.64661 2.5083 
-0.774581 0.522111 1.66069 5.20367 7.90194 4.08029 
-0.620799 0.436413 1.63429 4.16062 6.89282 4.09843 
-0.45632 0.290391 0.620491 2.52031 4.14199 1.40204 
-1.29969 0.81372 3.99392 8.25786 12.5643 11.9927 
-0.479461 0.275851 1.06721 2.31248 4.59619 2.93758 
-0.954245 0.543135 2.54307 5.97906 9.0301 7.5747 
-0.790286 0.431965 1.52506 4.47678 7.75703 3.87981 
-0.441772 0.299525 0.658904 2.25133 3.97999 1.53793 
-1.31483 0.742516 3.5095 7.30265 13.6767 10.7813 
-0.425195 0.211242 1.05781 1.87482 4.66188 1.48306 
-1.07517 0.607062 2.51029 6.47643 9.45786 7.48588 
-0.831503 0.532117 1.51151 4.43976 8.0838 4.45875 
-0.312538 0.247037 -0.241223 1.40479 3.10828 -1.9576 
-1.22576 0.849896 2.77443 7.35921 11.4779 8.97449 
-0.386369 0.301633 0.149155 1.81128 3.8718 -0.932312 
-0.872535 1.12447 2.04256 6.76884 9.68335 5.30507 
-0.793642 0.450025 1.41025 3.95673 7.38104 3.73847 
-0.435962 0.614359 0.702623 3.33058 4.53609 1.67203 
-1.19504 0.869624 2.94488 7.11796 11.4725 8.7965 
-0.426183 0.250358 1.13649 2.21206 4.72562 1.8368 
-0.886433 0.403287 2.09002 3.84111 9.57077 5.7696 
-0.871574 0.555254 2.53703 5.37734 8.50964 6.84069 
-0.440758 0.567681 0.213643 1.31147 5.00805 -0.669258 
-1.48026 0.968251 4.11791 6.12485 14.6523 12.1533 
-0.477144 0.863284 1.46648 3.36676 5.98771 4.76061 
-0.868041 0.628014 1.5898 4.98662 8.17839 4.1381 
-0.937094 1.07574 2.53477 5.6408 11.0252 8.45534 
-0.349267 0.267547 -0.143784 1.4011 3.63776 -1.90247 
-1.27359 1.43839 3.17651 8.65817 12.4491 10.9245 
-0.247284 0.308564 0.237678 2.02318 3.52489 -1.36291 
-0.902445 0.729972 1.57431 5.91004 8.68398 4.29147 
-0.930997 0.671178 2.44563 5.20126 9.42916 6.92544 
-0.179091 0.256743 0.0201505 1.06576 3.33665 -2.19596 
-1.29146 1.11058 3.2655 8.15738 10.0521 10.2106 
-0.216215 0.170627 0.369196 0.554099 3.58617 -1.01393 
-0.76565 0.611012 1.8346 4.95088 7.9988 4.25993 
-0.891081 0.570912 2.3301 5.08269 8.83407 7.46886 
-0.460458 0.251532 0.792955 1.83903 4.53467 1.66682 
-1.19689 0.893355 2.83088 6.94884 11.6434 8.89214 
-0.281376 0.166653 0.236167 0.870083 3.56696 -1.44266 
-0.932938 0.751249 2.7185 6.08466 9.93444 7.84171 
-0.807445 0.683575 2.16764 7.54347 7.34186 5.29392 
-0.44196 0.241159 0.736072 1.90682 4.23497 1.97229 
-1.28597 0.927413 3.6489 8.20467 12.2364 11.4564 
-0.463632 0.22815 1.04441 1.58443 4.62169 2.42786 
-0.928327 0.68539 2.56375 5.94654 9.06215 7.63749 
-0.938597 0.533852 2.43967 5.23915 8.80992 5.89292 
-0.455287 0.144601 0.791559 1.66041 3.80189 1.73365 
-1.14871 0.727284 2.8052 7.37243 10.6355 8.31764 
-0.288633 0.091668 0.0439037 1.4386 2.85105 -1.55673 
-1.11293 0.604623 2.53164 6.0403 9.55222 7.69075 
-0.900071 0.45629 2.383 5.24725 8.58564 6.72662 
-0.593415 0.306662 0.625295 2.83147 4.99022 1.24023 
-1.48124 0.397264 3.56645 5.38071 14.5869 10.614 
-0.208089 0.130311 0.0985167 0.992152 3.06551 -1.55075 
-0.902851 0.827063 2.07905 7.34491 7.36877 5.49292 
-0.844465 0.389906 1.43205 3.63423 6.84479 4.07958 
-1.01014 -0.0588978 1.27847 0.553307 5.04337 4.03689 
-1.22421 0.683291 2.88661 6.27201 10.9518 9.01859 
-0.780411 -0.0626901 0.356609 -0.162845 6.04136 0.905397 
-0.752852 0.561446 1.87514 6.70433 9.02408 5.1862 
-1.02257 0.440069 2.42584 4.94391 9.09121 6.77061 
-0.691896 -0.0357516 0.619784 0.233728 1.61914 0.0392317 
-1.85452 0.549481 4.17229 6.19061 13.1697 13.8962 
-0.115601 0.141796 0.289894 2.34171 2.78343 -0.748099 
-1.29372 0.209508 1.83922 3.242 11.2315 6.87133 
-0.780462 0.357745 1.73646 3.24669 9.45915 4.75722 
-0.415173 0.225461 -0.177103 1.61909 3.92878 -1.16289 
-1.70445 0.434479 3.21221 5.28998 12.7395 10.2861 
-0.374557 0.32321 1.02088 2.65154 4.38858 1.78915 
-0.932648 0.517922 1.86026 5.08494 8.20299 4.59589 
-0.867931 0.436805 2.11181 4.30234 7.86379 6.24815 
-0.365291 0.295995 -0.0825284 2.0128 3.73964 -1.24959 
-1.45657 0.736557 3.77138 7.23044 12.7644 12.5137 
-0.508428 0.113639 1.04219 1.55097 4.57906 1.91104 
-1.08909 0.730752 2.66808 5.78909 10.149 8.11048 
-0.781668 0.46641 1.42946 3.39509 7.89372 3.88915 
-0.455612 0.157966 0.0934754 0.568151 3.93307 -0.568628 
-1.28218 0.780957 3.89729 7.87399 11.9603 12.0015 
-0.338406 0.147394 1.03453 1.38724 4.43981 1.57917 
-0.796097 0.527796 1.89422 5.01685 8.03051 4.83911 
-0.721756 0.352021 1.49988 3.56569 7.09805 3.36937 
-0.456292 0.237542 0.0979914 1.27466 3.91955 0.166505 
-1.30302 0.79041 4.01337 7.59199 12.2652 12.1236 
-0.125419 0.1365 0.483029 0.942782 0.6702 -0.557309 
-1.03565 0.760292 2.80229 6.49292 9.89705 8.53828 
-0.547207 0.395022 1.41754 4.04065 5.77662 3.32697 
-0.388864 0.226656 1.19377 2.5142 4.14683 2.19545 
-1.22754 0.964618 3.49278 9.10467 10.3013 10.8746 
-0.473022 0.137252 0.983299 1.79502 4.54224 1.78389 
-1.05133 0.626981 2.80466 5.75023 9.63703 9.49032 
-0.95998 0.582325 2.27148 4.92799 8.52582 6.42196 
-0.444335 0.30533 1.2584 2.97903 5.56242 3.22966 
-1.21599 0.993718 3.41727 8.43751 9.94438 11.0953 
-0.28322 0.353492 0.671616 3.08428 3.08159 1.19047 
-0.887177 0.695913 1.86717 5.94215 8.59809 6.00668 
-0.63802 0.446035 1.28817 3.71626 6.41616 3.40954 
-0.261505 0.341984 0.375241 3.07003 4.24499 -0.706342 
-0.971405 0.766469 3.37692 9.32981 12.0044 9.47634 
-0.187066 0.177868 1.35647 4.0872 4.82569 2.10421 
-0.90089 0.669105 1.73069 5.99492 8.81641 5.37553 
-0.52722 0.470262 2.81067 7.48237 8.52774 7.27326 
-0.311957 0.219707 0.121178 1.62422 3.02766 -2.0999 
-1.29689 1.10596 3.51439 10.2285 11.1498 10.2814 
-0.344063 0.284479 0.788168 1.37513 3.79603 1.4512 
-0.673481 0.549227 1.70217 5.39551 7.74448 5.71403 
-0.831676 0.437669 2.1096 4.5141 7.65108 6.03412 
-0.306708 0.125366 0.0813617 1.60637 3.45369 -1.99832 
-1.10479 0.718242 3.71611 7.81583 11.801 11.7896 
0.141846 -0.0218836 0.0660278 0.325577 0.69733 -0.98675 
-0.647951 0.57058 1.7385 6.70192 6.83705 5.26251 
-0.719893 0.460684 1.13731 4.3457 7.3551 3.15098 
-0.413049 0.167249 0.0309829 1.66004 4.44657 -1.40671 
-1.40068 0.877159 3.46009 8.47065 12.8973 11.193 
-0.45694 0.285698 0.92159 2.52014 4.24813 0.240108 
-0.895704 0.605176 1.937 6.32304 8.78336 4.6819 
-0.812549 0.495856 2.14452 5.2345 8.40658 5.24126 
-0.321513 0.219133 0.0280407 2.81742 3.90511 -1.5352 
-1.20225 0.784069 2.74716 7.45775 11.6878 7.52491 
-0.283122 0.0942058 0.0833573 -0.0695315 3.98495 -1.038 
-0.982055 0.692093 1.80621 6.84649 9.05083 4.24738 
-0.701718 0.55138 1.19187 5.15944 7.43753 2.26275 
-0.707838 0.229054 1.03274 3.74284 5.95302 1.9063 
-1.27159 0.874056 2.86685 8.31269 11.5641 7.62856 
-0.59206 0.282169 0.81202 2.8476 4.89796 0.246362 
-1.1491 0.769821 2.74548 7.49449 10.8165 7.59417 
-0.669024 0.463612 1.20629 3.99689 6.38484 1.72438 
-0.546429 0.269978 0.933304 2.29143 4.39779 2.28003 
-1.16731 0.7144 2.76688 6.98204 10.4355 8.16567 
-0.265169 0.217893 -0.0507354 0.783477 3.05992 -1.54642 
-0.939656 0.666625 1.7502 5.32894 8.91627 5.13621 
-0.691972 0.47924 1.11493 3.36631 6.90802 2.55065 
-0.333255 0.656076 0.539026 3.00182 3.59039 -0.140182 
-1.15503 0.745311 2.92334 6.84068 10.6476 9.02199 
-0.0901757 0.224805 -0.0207849 1.1137 2.3087 -1.96429 
-0.912356 1.00439 2.33625 7.95882 7.62424 6.76067 
-0.655162 0.518283 1.13318 4.02234 6.56912 2.47822 
-0.415095 0.115252 0.0890372 0.950635 3.35464 -1.15178 
-1.12787 1.00676 2.9443 7.92406 10.671 8.64339 
-0.324061 0.46929 0.868002 3.42908 3.36934 1.58221 
-1.18854 1.11806 2.91492 7.75708 11.2208 9.81245 
-0.828802 0.888485 2.42776 4.32689 9.17383 7.36062 
-0.351592 0.197188 0.417722 1.23237 1.60688 -0.214663 
-1.3194 0.464834 3.71176 1.76057 13.0418 10.0297 
-0.517207 0.190801 0.485882 2.69938 4.49309 1.06462 
-0.84721 0.652133 2.03376 6.39057 8.22507 5.17399 
-0.851894 0.512816 2.01559 4.63458 8.17338 5.98002 
-0.525631 0.184687 0.749878 1.34793 2.46016 -0.0817399 
-1.33548 0.832389 3.85845 7.93618 12.5246 11.1941 
-0.4188 0.249396 0.726041 2.42215 3.95787 -0.304881 
-1.41179 0.612002 3.20299 6.3457 9.08483 9.75696 
-0.834305 0.522587 1.97663 4.69699 7.93981 5.91293 
-0.444213 0.356997 1.23588 3.15931 4.76914 2.10803 
-1.21519 0.845524 3.85666 8.02797 11.7751 11.7968 
-0.252696 0.279535 0.724027 1.8583 3.44398 0.67445 
-0.946856 0.983803 2.58611 8.12243 8.2931 6.86873 
-0.529577 0.370035 1.21972 3.44361 5.78656 2.04107 
-0.370128 0.413194 0.38185 2.97609 4.32798 -0.446544 
-1.26201 0.803481 3.17849 7.08503 9.89877 9.21869 
-0.450997 0.32948 0.464341 3.28486 3.81731 0.473824 
-0.767272 0.609185 2.61119 8.75679 10.2232 7.14386 
-1.24592 0.105029 2.10716 2.10603 9.78445 7.67884 
-0.441664 0.233682 0.924366 2.1078 5.79281 1.45799 
-1.28839 0.887032 3.72586 7.6423 12.3102 11.7347 
-0.354376 0.13596 0.730586 1.1717 3.89664 1.91642 
-1.07002 0.457293 2.37424 3.43936 10.9569 7.89866 
-0.67467 0.427479 1.1914 3.06579 6.6889 2.90489 
-0.515177 0.313421 1.22451 2.74468 4.94026 3.49548 
-1.15447 0.766214 2.75114 6.87921 10.4438 8.90273 
-0.121346 0.20308 -0.0784287 1.31276 2.33146 -2.25063 
-1.18873 0.756266 3.13368 7.1973 10.4553 8.60177 
-0.659256 0.365415 2.15786 3.84221 6.97267 5.75781 
-0.25039 0.174408 0.477071 1.10656 2.43648 1.4396 
-1.18998 0.766904 2.85067 6.99356 10.968 9.55008 
-0.42521 0.125031 0.868861 1.01334 3.6612 2.30691 
-1.52852 0.519015 3.41777 6.53556 10.1567 10.1623 
-0.533376 0.270036 1.41301 2.42502 6.05782 2.96421 
-0.695481 0.265419 1.5809 1.93195 6.22298 5.02482 
-1.21809 0.807704 3.97456 7.59764 12.1536 12.7379 
-0.699836 -0.335419 1.33796 -1.94751 2.67757 3.90197 
-0.945932 0.589457 2.77486 5.37436 8.9514 8.03363 
-0.705667 -0.0335825 1.98697 -1.21182 6.83674 7.38149 
-0.821431 -0.107211 2.16252 -1.15806 3.92462 7.03718 
-1.16964 0.608998 4.67455 4.40874 12.7276 16.9552 
-0.0840538 -0.0956814 1.80679 -2.24546 2.88646 6.74257 
-0.796009 0.450533 3.78429 2.96516 9.149 13.756 
-0.346547 0.0289017 1.42744 0.185782 5.14812 4.60754 
-0.373408 0.142494 1.13693 1.61035 4.40611 2.87793 
-1.02299 0.781468 2.64856 5.86455 10.5756 8.50512 
-0.221366 0.237559 -0.232575 1.72106 2.46717 -3.64074 
-1.21549 0.892384 2.47983 8.55403 11.2648 6.97699 
-0.590471 0.430737 0.815577 4.46221 5.79825 0.56438 
-0.34633 0.307306 0.280047 5.43308 5.4687 -1.24139 
-1.37754 0.824652 3.49369 8.78337 12.5542 10.4562 
-0.525077 0.287786 0.811288 2.66896 4.8388 0.701628 
-1.37705 0.806817 3.0299 7.96355 11.9651 9.3492 
-0.716315 0.37572 1.03365 3.71479 6.68921 1.53811 
-0.552222 0.276887 0.3686 3.06142 5.2489 -0.160261 
-1.33531 0.737972 2.69637 7.87096 12.1564 8.03651 
-0.374863 0.102244 -0.126877 1.29602 3.36719 -2.05102 
-1.04364 0.710459 2.35303 6.52586 9.29543 6.33337 
-0.922657 0.337546 2.17051 3.09152 7.46448 6.43099 
-0.663779 0.301391 1.64022 1.94612 5.64391 5.59375 
-1.14975 0.683596 4.14377 6.64965 11.3882 13.1478 
-0.000981128 0.0568148 1.00504 -0.521197 2.26203 2.56642 
-0.556622 0.357841 2.68522 2.32306 7.00922 9.49465 
-0.338029 0.224618 2.35981 2.04882 5.29144 7.30176 
-0.298153 0.217546 1.56795 1.63512 4.88023 5.83537 
-0.970517 0.70131 3.78775 7.16593 11.0261 11.9336 
-0.0905601 0.0966412 0.716066 1.32193 2.67737 1.00608 
-0.777179 0.708715 1.67119 6.77102 8.60649 5.86038 
-0.743873 0.519952 1.70141 4.78828 7.44548 4.94917 
-0.00308645 0.432709 1.33138 7.60839 2.93562 1.09455 
-1.10543 0.774706 3.52067 7.71423 11.1755 10.4815 
-0.190369 0.170766 0.910792 2.68936 3.3882 0.597679 
-0.948631 0.608824 3.16266 8.45314 10.6595 9.2786 
-0.677186 0.517871 1.81172 4.42431 6.85673 4.48501 
-0.282375 0.228686 0.334994 4.11201 5.06073 -0.883766 
-1.01419 0.648954 3.70922 7.71339 11.0925 11.214 
0.0309126 0.176092 0.260572 3.65992 2.9708 -1.94215 
-0.815295 0.351795 2.24558 4.19155 10.0079 7.32237 
-0.445949 0.319294 2.37494 7.11455 8.01621 5.02216 
-0.206529 0.426885 0.650853 4.71195 1.84246 1.04872 
-1.07377 0.738172 2.54857 7.84467 10.6775 7.06672 
-0.277664 0.223046 -0.320409 1.06223 2.27936 -2.24805 
-0.848222 0.574945 2.36086 8.78664 10.121 6.06942 
-0.372631 0.299627 1.32818 5.79478 5.66496 2.23596 
-0.518738 0.705512 0.724133 7.08199 4.65612 0.944488 
-1.31563 0.826735 3.62585 7.9152 12.3962 10.6534 
-0.473389 0.301736 0.502648 2.35719 4.24344 0.463014 
-1.06112 0.812108 2.08485 7.01376 10.1662 5.73466 
-0.658461 0.531662 1.90733 4.91547 7.24649 4.63099 
-0.573338 0.271605 1.45207 4.15654 5.75485 2.66322 
-1.15683 0.829574 2.75032 7.01341 10.8128 8.46413 
-0.155453 0.225813 -0.194877 1.32545 2.72021 -3.03955 
-1.29253 0.737278 3.12228 7.22676 11.3893 9.6325 
-0.692661 0.464041 1.8149 4.35874 6.59035 5.28908 
-0.518186 0.339968 0.291954 3.43849 5.14543 -0.140818 
-1.18526 0.775194 2.78486 7.39928 11.7088 7.59611 
-0.241284 0.2711 -0.208651 1.82762 2.99642 -2.75658 
-1.11093 0.760991 2.20015 7.01578 10.684 5.64232 
-0.796885 0.458334 1.98699 4.27624 7.25603 4.35951 
-0.59935 0.403936 1.32195 3.87905 5.96682 2.81888 
-1.15416 0.738388 2.67134 6.57634 11.485 8.35269 
-0.263475 0.124924 0.75929 1.4861 3.13347 0.447532 
-1.18866 0.779254 2.67853 7.17714 11.8655 9.60596 
-0.801721 0.467013 1.81774 3.60735 7.78817 5.05899 
-0.527478 0.434654 0.351829 2.92354 4.78598 -0.0306659 
-1.2328 0.927968 3.39401 7.98091 12.3889 10.4903 
-0.00959727 0.315274 0.0177796 1.11413 1.71541 -1.53189 
-1.24735 0.893368 3.12302 7.59103 11.6161 9.63788 
-0.564038 0.430997 1.00819 3.59103 5.85611 1.18771 
-0.651662 0.383449 1.57432 3.96895 5.81999 3.2707 
-1.3511 0.722497 3.61032 7.02514 12.1796 11.6006 
-0.284205 0.194697 0.800941 1.68519 3.36094 0.802928 
-1.00811 0.717959 2.29341 6.66464 9.62832 6.14165 
-0.744929 0.33257 1.75566 3.05082 6.73541 4.92124 
-0.508104 0.282914 0.388606 2.04642 4.44613 0.406313 
-1.21315 1.02317 2.66343 8.07478 11.5301 9.28654 
-0.316481 0.800255 1.02932 2.65953 4.57832 2.49719 
-1.1159 0.721506 3.21168 7.7619 10.4548 9.79271 
-0.635638 0.863627 1.89605 3.73074 9.06778 5.66724 
-0.58741 0.4538 1.42085 3.74873 5.98894 3.53315 
-1.06804 1.37493 3.00956 7.48958 11.9737 9.81383 
-0.120078 0.256717 -0.0972944 1.85212 1.71198 -2.48112 
-1.59406 0.438951 2.49412 5.16037 11.0523 8.64834 
-0.631658 0.409198 0.763572 3.41444 5.82174 1.58683 
-0.500283 0.769423 1.04919 3.1833 6.18503 1.16624 
-1.35805 0.983893 3.92041 6.11583 13.8284 11.6874 
-0.335594 0.228026 0.515832 1.70057 3.64687 0.629025 
-1.1019 0.813982 2.84591 7.64974 11.9049 9.15542 
-0.782602 0.574165 1.77657 4.53727 7.36861 4.03082 
-0.646103 0.483838 1.51977 3.16085 6.62855 3.72506 
-1.05501 0.798488 2.64773 6.2735 10.6049 7.91131 
-0.105978 0.234932 -0.0976393 1.28387 2.34523 -2.24599 
-1.12327 0.744823 3.30787 7.01607 10.9623 9.84678 
-0.512899 0.362837 1.0072 2.99045 5.53988 1.70935 
-0.402459 0.350199 0.695524 0.991247 5.63806 1.56022 
-1.33495 0.800395 3.39668 7.14768 12.4827 10.6903 
-0.316938 0.151773 0.779024 1.41618 3.33548 -0.0106081 
-1.18973 0.748675 3.19289 7.24267 11.7448 9.20983 
-0.67374 0.332141 1.73311 3.26185 6.06267 4.70967 
-0.600685 0.422077 1.21081 3.8187 5.57982 3.56591 
-1.15109 0.737491 2.38017 6.4799 10.9088 7.29221 
-0.249867 0.278917 0.568418 1.9689 3.12356 0.0370257 
-1.27642 0.81082 3.10621 7.78059 11.5764 10.2322 
-0.725651 0.445491 1.60163 4.03684 6.66614 4.36555 
-0.473549 0.44871 0.407037 3.41584 4.83777 -0.09648 
-1.21461 0.833927 3.43005 7.32471 11.8655 10.4777 
-0.267125 0.247121 0.589495 1.79733 3.10812 0.471288 
-1.16557 0.746703 2.24601 6.76445 10.7536 7.01915 
-0.888496 0.0611656 1.40341 1.59539 5.29634 2.57519 
-0.704981 0.416322 1.61583 4.15482 6.62984 3.48732 
-1.49069 0.400107 2.85289 5.19313 10.8866 8.67729 
-0.255226 0.0193576 0.0190049 0.371149 1.30506 -2.46719 
-1.48197 0.596779 3.60961 6.73834 10.8354 10.5145 
-1.12616 -0.0512878 1.33725 1.31958 5.97677 3.28813 
-0.591682 0.404276 0.756803 3.89132 5.06357 0.260663 
-1.2923 0.684153 3.58426 7.43222 10.8832 10.4941 
-0.45317 0.0969628 0.652928 1.17253 2.81833 0.70727 
-1.73861 0.458313 2.98213 5.05012 11.093 9.5439 
-1.16013 0.173925 2.21691 2.40019 7.24624 6.73319 
-0.619621 0.760211 1.23266 6.21823 4.81035 2.50108 
-1.20235 0.727796 2.48045 6.75151 11.5374 8.01417 
-0.867306 -0.145024 0.880336 -0.127489 6.43996 2.19638 
-1.22738 0.758528 3.44797 7.31651 11.4861 10.3221 
-0.706001 0.39265 1.84909 4.23256 6.64861 4.47553 
-0.757008 0.657746 1.02796 5.35208 5.33469 3.03508 
-1.30948 0.674027 2.59962 5.91588 11.275 8.24816 
-0.492574 0.231093 0.579704 1.61777 4.42565 0.74053 
-1.14119 0.724229 2.49533 5.43068 10.6394 7.55031 
-0.86519 0.466847 1.56909 4.05801 7.93983 4.43767 
-0.830955 0.436574 1.56828 3.69328 6.62626 4.56269 
-1.20262 0.747052 2.32461 6.54363 11.2206 7.22343 
-0.227223 0.260401 -0.286439 1.12994 2.64342 -2.89946 
-1.07966 0.860312 2.37602 7.70354 10.6614 6.42288 
-0.792404 0.424193 1.33504 4.02028 8.5942 4.30033 
-0.806272 0.42275 0.654164 3.08242 6.50859 1.20685 
-1.39907 0.967164 2.99493 8.49516 11.2019 9.17597 
-0.405007 0.242512 0.767429 2.07731 4.1584 0.649523 
-1.25926 0.763276 3.33173 7.54707 12.056 9.68925 
-0.635256 0.356268 1.53576 3.77935 7.79325 3.69666 
-0.77695 0.51628 1.52894 4.68244 7.09034 4.52413 
-1.08168 0.743097 2.26202 6.40733 10.6564 7.10518 
-0.349507 0.15168 0.474622 1.36175 3.08319 0.0351971 
-1.24208 0.742638 2.92926 6.93928 12.0921 9.76979 
-0.673778 0.442909 1.50332 3.91108 6.76757 4.25213 
-0.655621 0.430424 1.672 4.00901 6.68558 3.63435 
-1.21314 0.816644 3.23738 7.13413 11.7859 10.2195 
-0.188358 0.202744 -0.458908 1.15546 2.22402 -2.41719 
-1.20982 0.846782 3.46622 8.03495 11.2549 9.87488 
-0.445027 0.447353 0.735227 3.06749 4.96466 0.949782 
-0.786449 0.66411 1.48844 6.80719 7.05817 3.21176 
-1.30626 0.903386 3.4505 7.05806 12.6512 9.72229 
-0.116302 0.151765 0.0903829 1.809 3.45544 -2.68874 
-1.24699 0.844174 3.35663 7.64367 11.0826 10.7632 
-0.357299 0.202238 1.92559 5.8007 7.70015 4.09253 
-0.431241 0.340975 2.18769 6.78491 6.718 5.91155 
-0.801433 0.484245 2.90063 8.22835 10.4697 7.97368 
-0.363381 0.142775 0.687305 2.14731 3.69395 0.528392 
-0.844976 0.682563 2.81219 8.56636 10.5376 8.48186 
-0.438582 0.326717 2.18422 5.48121 7.28747 5.1742 
-0.195561 0.256937 1.39507 6.12782 5.96151 1.84013 
-1.17499 0.750357 3.35252 7.29951 11.0297 10.8601 
0.0344842 0.0124726 1.14973 4.37903 4.02753 1.09735 
-1.22161 0.81689 3.37167 8.52899 11.2217 10.1191 
-0.181211 0.343087 1.39706 6.4333 5.4813 2.04831 
-0.304203 0.282844 1.17029 5.27054 5.1082 1.75225 
-0.97289 0.66009 2.46389 6.51361 9.80467 6.34572 
0.101044 0.0113968 0.140067 2.18405 1.6298 -2.07851 
-1.11243 0.776942 2.30473 7.38406 10.4303 7.68023 
-0.672833 0.398414 1.67768 3.97668 6.59842 4.95546 
-0.436047 0.310413 0.753251 3.34319 5.20939 1.33857 
-1.08442 0.735449 2.96189 7.21241 11.076 9.85728 
-0.149944 0.124068 -0.346408 1.2148 2.20874 -2.27459 
-1.09371 0.683591 2.97129 7.23385 7.21997 7.19177 
-0.543606 0.750269 1.26552 2.21179 6.91213 2.37259 
-0.670766 0.420942 1.84743 4.59129 7.16929 4.35055 
-1.12031 0.684161 3.47963 7.17687 11.1645 10.0466 
-0.0599202 0.0699181 -0.295242 1.20387 1.13746 -2.79699 
-1.00905 0.733747 2.5089 7.09056 9.57853 7.27909 
-0.622713 0.463636 1.38467 3.79837 7.17566 3.77917 
-0.929545 0.599134 1.49622 5.71063 7.72843 4.06768 
-1.01878 0.568887 2.43283 4.41296 10.8158 8.19112 
-0.0828803 0.173747 -0.0215714 -0.791822 2.03524 -1.83681 
-1.24167 0.702362 2.54126 5.97733 11.3916 8.57218 
-0.495537 0.492789 0.793825 3.64313 5.1032 0.56203 
-0.723257 0.502125 1.7728 4.97651 6.68048 3.8952 
-1.14001 0.712304 3.40351 6.92137 11.02 9.82699 
-0.313611 0.827841 0.686488 5.46915 3.88267 2.57758 
-1.33158 0.470273 2.69474 3.74482 12.085 8.90149 
-0.532052 0.368589 1.06518 2.62872 3.4504 1.41963 
-0.765912 0.507038 1.77867 4.06196 7.44427 4.99531 
-1.0651 1.13244 2.63918 7.74242 10.146 8.91473 
-0.13873 0.111942 -0.157638 0.349619 2.19716 -2.68592 
-1.04623 1.11687 3.21049 10.9043 9.6375 8.388 
-0.457688 0.311611 0.826648 2.57086 4.66455 0.340023 
-0.689724 0.346987 1.30671 2.99781 7.91104 3.35521 
-1.04029 0.9745 2.47473 7.0806 10.842 7.13628 
-0.29544 0.473615 0.844853 2.45896 3.47486 0.9227 
-1.23796 1.37804 3.24791 8.0941 10.2959 10.0594 
-0.393255 0.707926 1.10999 3.52896 5.16881 3.15645 
-0.648424 0.462281 0.650722 3.84872 6.09299 1.68441 
-1.19088 0.70887 3.30711 6.88357 11.9457 9.26511 
-0.34867 -0.00440819 0.00793137 -0.420445 4.52801 -0.947796 
-1.3614 0.827384 3.83917 6.60315 13.1323 11.0441 
-0.48782 1.0175 1.11655 4.89461 6.05417 2.62068 
-0.7139 0.616651 1.95098 5.21587 7.31684 5.04686 
-1.15707 0.662648 3.19466 6.35594 10.7979 10.226 
-0.186646 0.19802 0.835386 0.831907 2.858 0.799794 
-1.04412 0.773248 2.43323 7.21867 9.72115 6.99142 
-0.394135 0.439401 0.655193 2.6961 4.58184 0.598272 
-0.644577 0.584798 1.62041 4.51309 6.92617 4.52735 
-1.04232 0.864925 3.13218 6.95735 10.9654 9.30076 
-0.119255 0.147848 -0.275242 0.761176 2.4461 -3.31389 
-1.30352 0.951169 3.53463 8.15495 11.5951 11.2361 
-0.742652 0.432022 1.76789 3.88627 6.80582 2.85794 
-0.640702 0.550186 0.998434 3.68392 6.38988 2.27683 
-1.14082 0.692403 3.40193 6.5797 11.0257 9.53084 
-0.296558 0.122531 0.665984 1.6084 3.02538 0.677709 
-1.10379 0.88361 2.82226 7.60481 10.9323 7.65694 
-0.535065 0.318564 1.78185 3.1366 5.5943 3.98779 
-0.655472 0.57298 1.23363 4.51262 4.30058 3.14275 
-1.20624 0.610644 3.1362 6.15545 10.9328 9.71551 
-0.153679 0.242893 -0.251487 1.65961 2.34167 -2.96094 
-1.27263 0.853108 2.56057 7.59822 10.9222 7.59505 
-0.454846 0.305919 0.825794 2.86539 4.11192 0.110976 
-0.793702 0.604473 1.83775 5.90897 7.64764 4.69703 
-1.15576 0.722003 2.76984 6.48219 11.9816 9.15494 
-0.494823 0.229168 0.461951 3.44994 3.22196 -0.201948 
-1.40559 0.648519 2.94943 7.17216 10.2836 8.58953 
-0.456218 0.410355 2.08827 5.87225 6.70813 4.50869 
-0.744115 0.579437 1.93171 5.52764 7.83277 4.91449 
-1.30268 0.517923 2.48057 5.25485 9.43482 7.72365 
-0.312392 0.0124973 0.238456 0.30784 4.33172 -0.467045 
-1.70721 0.561358 3.15609 5.73709 11.4417 9.89107 
-0.579345 0.36336 0.682162 2.91924 5.62583 1.09525 
-1.18239 0.115237 1.63002 2.47584 6.68163 3.52292 
-1.28316 0.458119 2.47419 4.95637 10.2601 6.72013 
-0.479922 -0.0355072 0.0660933 0.0613822 2.81461 -2.12864 
-1.51632 0.627507 3.34475 7.02047 13.6464 11.0649 
-1.15518 0.0643268 1.58132 1.57163 9.02469 6.38747 
-0.745428 0.747168 1.47205 5.93634 5.94102 3.84533 
-1.12369 0.752506 2.96112 6.54558 11.1148 9.25027 
-0.327982 0.119084 0.627212 1.91006 2.92766 0.236818 
-1.78049 0.395816 3.50829 4.63864 13.9264 12.0735 
-0.452673 0.151175 0.732266 2.00304 4.34724 1.31969 
-0.774436 0.419452 1.27175 3.48966 5.00308 2.68298 
-1.07855 0.639366 2.10592 5.7151 9.97482 6.7556 
-0.450763 0.180038 -0.238081 0.802422 3.59888 -2.20301 
-1.45741 0.858391 3.58061 7.85197 12.6762 12.1023 
-0.712213 0.378268 1.59913 2.87933 6.75652 4.21824 
-0.863093 0.403 1.89559 4.3021 8.09465 5.04865 
-1.18021 0.742202 2.84849 5.82348 13.2645 9.52181 
-0.244416 0.19466 0.624944 2.12475 2.76147 0.176006 
-1.49141 0.918328 3.54194 8.29517 12.9457 11.4436 
-0.637788 0.370857 1.4401 3.3507 7.11219 3.54604 
-0.736607 0.503879 1.11644 4.58997 6.84931 2.3275 
-0.974301 0.706889 2.19583 6.38037 10.021 6.10295 
-0.366213 0.0910555 0.589689 1.19044 4.30703 0.334836 
-1.41421 0.916824 3.57389 9.33102 12.2775 10.5689 
-0.488908 0.230376 0.772556 2.45652 4.68257 1.16012 
-0.728359 0.468387 2.02714 4.55932 7.68254 5.48567 
-0.956039 0.531852 2.13557 4.95079 9.18696 6.24925 
-0.299365 0.184916 0.722491 1.72885 3.40126 0.227723 
-1.31589 0.846291 3.72389 8.24593 12.5228 11.1541 
-0.551226 0.309765 1.64609 2.97886 5.62963 3.42133 
-0.83962 0.610494 1.79946 6.69486 7.65228 4.18535 
-1.03347 0.639638 3.1859 6.39437 10.4289 9.36938 
-0.0179952 0.0867399 -0.00569154 3.08111 2.95652 -1.67865 
-1.21686 0.736456 3.07782 7.95589 10.6535 8.76766 
-0.420903 0.299802 0.444374 2.45674 4.46655 0.788906 
-0.558512 0.247153 1.82018 4.48743 8.68019 4.36108 
-0.732673 0.63299 2.68417 8.96333 10.4512 6.55403 
-0.178958 0.218851 1.0838 5.0797 4.48887 0.759871 
-1.18604 0.885011 4.08552 10.4578 12.9612 11.8083 
-0.280004 0.331756 1.14944 3.95684 3.74265 1.27039 
-0.534283 0.381971 1.49254 3.4838 7.40141 3.3479 
-0.808504 0.577498 3.46272 8.84719 10.8229 9.33924 
0.0762062 0.236445 0.899059 6.6954 1.87046 -0.214352 
-0.962895 0.450474 3.85389 8.71745 13.0434 10.6838 
-0.418246 0.310691 0.594287 2.91699 3.87348 -0.0601356 
-0.902046 0.557085 1.99965 5.23398 8.05399 6.04357 
-0.694236 0.408435 2.6048 7.58119 9.44498 7.07887 
-0.277949 0.229635 -0.379675 0.97456 2.82854 -2.6673 
-1.38513 0.798894 3.59333 7.69362 12.1384 11.4469 
-0.81235 0.476163 1.44692 3.87419 7.25199 3.05714 
-0.6341 0.532994 1.16958 4.72771 6.95364 2.19669 
-1.0286 0.604598 3.00974 6.50492 10.5986 8.60379 
-0.293961 0.117159 0.393914 1.56108 3.98284 -0.203216 
-1.28177 0.948834 3.62947 8.97117 12.3507 11.3228 
-0.480978 0.289807 1.64383 2.97557 5.01986 3.57482 
-0.76176 0.439737 2.12523 4.61997 7.29032 5.82044 
-1.06497 0.57766 2.97596 6.07214 10.1301 9.39873 
-0.18731 0.143115 -0.459989 0.805318 2.22824 -2.41463 
-1.13522 0.803421 2.71362 7.52626 10.938 9.15074 
-0.524253 0.499801 1.22633 5.44105 4.83915 2.9859 
-0.790281 0.446467 1.89616 5.32302 7.83902 5.6572 
-0.834101 0.652445 2.05407 5.95352 9.10196 5.70428 
-0.23959 0.392507 0.220245 3.7343 1.97353 -1.45644 
-1.26616 0.89736 3.84152 8.66253 12.3893 12.0974 
-0.527055 0.182094 1.47329 2.81151 5.31894 3.98077 
-0.827837 0.717841 1.76483 6.81561 7.22782 4.69203 
-1.08546 0.647153 2.88205 6.06419 10.1018 9.33107 
-0.314006 0.113411 0.627598 1.44708 3.19121 0.536535 
-1.50551 0.863937 3.75062 8.47677 13.0171 11.1128 
-0.572453 0.404915 1.3226 2.82194 5.76021 3.25132 
-0.781713 0.774749 1.30193 5.79092 6.6853 3.95641 
-1.05015 0.590147 2.99059 5.67501 10.2822 8.44002 
-0.223369 0.161504 -0.496236 0.709906 2.31357 -2.34376 
-1.31744 0.899267 3.78147 8.44655 11.9766 10.9058 
-0.533494 0.136214 0.795138 0.41335 5.52297 2.10828 
-0.716142 0.94135 1.54785 4.41461 8.09668 3.48376 
-0.933283 1.20744 2.84061 7.36378 8.90327 7.61615 
-0.409229 0.694192 0.782357 3.05684 4.38909 2.38555 
-1.36063 1.437 4.02947 9.88551 13.5426 12.9076 
-0.713226 0.889979 1.6459 4.576 7.12067 4.18593 
-0.799583 0.618657 2.18796 5.77458 7.67825 6.02342 
-0.894939 1.07812 2.56799 6.51373 9.10062 7.39322 
-0.361476 0.155462 0.707596 0.0730366 3.85055 0.873195 
-1.32828 0.92609 3.97684 7.51059 12.9806 11.8322 
-0.431295 0.245542 1.54239 2.05194 4.94983 2.86369 
-0.704378 0.423789 1.13629 3.71449 6.51935 3.13272 
-1.10065 1.24295 3.451 7.22365 11.8086 10.3869 
-0.257371 0.213331 0.311788 -0.353924 2.14889 -1.72277 
-1.25888 0.785485 2.88744 7.06354 11.5273 8.50587 
-0.593059 0.415367 1.38227 2.56104 6.05645 3.60552 
-0.611327 0.669654 1.30963 4.47538 6.62475 3.32976 
-0.945711 0.6149 3.00651 6.02587 9.88791 8.52935 
-0.201097 0.131822 0.719449 0.558553 3.13949 0.681732 
-1.33725 0.810441 3.84336 7.63392 12.2722 12.221 
-0.482942 0.338563 1.26113 2.65467 5.22424 3.35219 
-0.645848 0.592113 1.36919 4.02432 7.21281 3.91458 
-0.985202 0.715325 2.89373 5.97773 10.0878 8.24146 
-0.213841 0.242012 0.278232 1.63909 4.53804 -0.0847461 
-1.25814 1.00841 3.80317 8.12233 12.3455 11.7212 
-0.167468 0.25774 0.490079 1.20982 3.07741 0.508248 
-0.705438 0.563995 1.44472 5.12926 7.15283 3.1611 
-0.978228 0.570157 2.98739 5.87953 9.67227 8.37538 
-0.186413 0.0586969 -0.176039 0.475072 2.2689 -2.75988 
-1.23481 0.713856 2.84764 7.41008 11.1076 8.59455 
-0.450524 0.495151 1.17919 5.70392 3.74492 1.4453 
-0.90426 0.496843 2.07687 4.55979 8.128 6.46989 
-0.919304 0.619597 1.76925 5.48637 9.05411 5.51528 
-0.0824317 -0.0179387 -0.408965 -0.356901 1.24226 -2.34408 
-1.40544 0.9352 3.5968 8.483 12.9698 11.6028 
-0.610992 0.486705 1.05403 4.9429 4.9933 2.1873 
-0.812507 0.546911 1.19854 4.19448 7.89469 2.89679 
-1.29036 0.76651 2.88521 7.24806 11.9283 7.77475 
-0.262062 0.213419 0.0812589 1.09014 0.931632 -2.2062 
-1.41797 0.776477 3.84597 8.19505 12.6152 12.2172 
-0.437885 0.145486 0.670793 1.22967 2.59316 0.330071 
-1.242 0.248247 1.7168 2.85209 7.60528 4.97616 
-1.04637 0.735952 2.53009 6.95572 12.0603 7.68899 
-0.430649 0.151032 -0.334795 0.862759 3.3587 -2.18077 
-1.92187 0.47691 4.42226 6.07022 12.952 13.8302 
-0.347044 0.226661 0.550048 2.31698 2.78035 -0.572331 
-1.47251 0.237938 2.29575 3.36105 10.4265 8.9252 
-1.5326 0.297723 3.24324 3.88338 9.60997 10.4708 
-0.25162 0.640419 -0.0215825 1.45067 3.25815 -0.693917 
-1.41884 0.989163 3.36197 8.81375 11.22 9.76275 
-0.54706 0.568634 0.974087 4.66104 4.50348 1.60794 
-1.23929 0.182698 1.69855 2.7132 6.98887 5.41311 
-1.34934 0.298496 2.24591 3.67762 8.46395 6.85642 
-0.385992 0.259351 0.343512 1.88892 3.94829 -0.00656151 
-1.79549 0.529663 3.29708 5.56606 12.2276 10.9648 
-0.406735 0.311082 0.382617 1.85352 4.36616 -0.162691 
-0.967834 0.534976 2.21255 5.82847 8.80444 6.15768 
-1.18658 0.620293 2.9752 6.07204 10.5168 7.89961 
-0.383429 0.238321 -0.317736 0.825155 2.73774 -2.63721 
-1.34321 0.766022 3.02549 7.38479 11.5791 8.75824 
-0.68974 0.348648 1.22942 2.72604 6.0065 2.95548 
-1.02609 0.586288 2.16113 5.40649 9.29747 6.89152 
-0.94083 0.593807 2.81294 6.24435 9.43861 8.04748 
-0.22288 0.163038 -0.517219 0.704426 2.43742 -2.77879 
-1.26054 0.899827 2.81605 7.78104 10.8914 9.16465 
-0.617948 0.154068 0.966209 0.975285 7.3644 1.1419 
-0.935457 0.633922 2.24915 6.27979 8.53327 5.6321 
-1.03558 0.66535 2.7234 5.61163 10.2054 8.4134 
-0.308883 0.126586 -0.436252 0.611827 2.66926 -2.36688 
-1.28356 0.928936 3.74529 8.73858 12.5478 11.6716 
-0.49259 0.224013 1.31681 2.84127 4.97043 3.27227 
-0.722 0.500948 1.40701 4.76091 7.86989 3.4776 
-0.774808 0.596566 1.8181 6.07941 7.65979 4.78225 
-0.313777 0.215546 0.568019 2.12708 3.36792 -0.407635 
-1.3706 0.828376 3.89983 7.92849 12.4931 11.6185 
-0.481719 0.334484 1.24209 2.7506 4.792 3.34779 
-1.01564 1.18446 2.46378 7.51695 9.62862 8.35351 
-0.505468 0.506443 2.88507 8.33732 7.20051 6.65 
-0.204079 0.160977 0.832329 2.94818 3.42661 0.0251159 
-1.26952 0.918494 3.80214 8.24059 12.4523 11.731 
-0.428088 0.330259 0.98719 2.6858 6.41352 2.56499 
-0.671616 0.359549 2.09431 6.67693 6.6153 4.02234 
-1.00537 0.516049 2.56346 5.91727 9.78143 7.57687 
-0.296835 0.246503 0.609816 2.54415 3.3776 0.473995 
-1.38408 0.721523 3.84358 7.64761 12.7764 12.2294 
-0.332971 0.18704 0.3207 1.36223 3.2052 -0.151639 
-0.66749 0.607446 2.6839 8.20085 9.293 7.12758 
-0.800395 0.646149 3.02008 7.36239 9.82579 8.42613 
-0.201491 0.161917 0.891446 3.49396 3.609 0.465956 
-1.18524 0.769397 3.24896 8.09338 11.9305 8.84295 
-0.115019 0.119839 0.751415 2.91585 3.37839 -0.00737763 
-0.832462 0.601777 2.19403 6.13977 8.24595 7.28466 
-0.694618 0.486996 2.59535 5.87596 8.16963 9.01426 
-0.316274 0.237347 0.686988 2.26205 3.74026 0.533572 
-1.05921 0.70534 4.3345 10.4847 13.2146 13.8769 
-0.268023 0.276178 0.337981 1.53491 3.57744 -0.284121 
-0.477238 0.364009 2.03357 7.64657 8.18141 5.23451 
-0.873353 0.666006 2.5411 6.23738 9.599 7.45226 
-0.206449 0.15028 -0.249301 0.813475 2.48233 -2.52974 
-1.33907 0.83601 3.84487 7.67371 12.8209 12.5254 
-0.177167 0.228025 0.527378 2.09666 3.30521 0.29504 
-0.756826 0.384741 2.4152 5.45593 8.22884 6.90484 
-0.944522 0.545948 2.48562 7.39826 9.19459 7.60734 
-0.100935 -0.00142141 0.676965 1.41692 1.92169 1.00436 
-1.09068 0.740347 3.79444 7.64102 11.0269 12.1978 
-0.358366 0.225543 1.17994 2.1346 3.67807 3.73804 
-0.673453 0.631768 1.83395 5.96944 6.35086 4.69655 
-1.08507 0.594135 2.4719 7.37697 9.24641 7.34975 
-0.347371 0.134626 0.533046 1.68775 3.45239 0.406058 
-1.38931 0.776494 3.78747 7.23761 12.2205 12.2167 
-0.336711 0.195648 1.38609 2.65367 3.90432 3.05333 
-0.71808 0.516715 1.38768 5.39898 7.43361 3.33044 
-0.790789 0.693427 2.01264 4.80291 7.75036 5.08687 
-0.269551 0.292135 0.68442 1.91596 3.79429 0.169864 
-1.33911 0.953606 3.86337 8.55789 12.6956 11.8541 
-0.391366 0.256515 0.400917 1.11518 3.77805 -0.0312759 
-0.805966 0.479039 1.39135 4.87778 7.41672 3.52604 
-0.800006 0.654324 1.76071 5.32276 8.50362 4.4246 
-0.21308 0.048598 0.0759123 -0.572313 2.83747 -2.07732 
-1.36751 0.957148 3.67163 9.23517 13.0056 11.457 
-0.269367 0.0905665 0.622356 0.0933959 3.44189 -0.120643 
-0.929496 0.808196 2.67095 8.70012 4.94628 4.74022 
-0.979647 0.635978 2.54717 5.67028 9.50183 8.00794 
-0.361381 0.496016 0.525062 2.87334 3.73081 1.49324 
-1.33831 0.88909 3.67227 7.90807 11.8812 12.0937 
-0.309693 0.610039 0.675499 3.74093 2.07703 0.700288 
-0.927995 1.29462 2.84721 6.70248 10.4453 9.10921 
-0.809701 1.07011 2.13631 5.57631 9.76825 5.73872 
-0.299996 0.433826 0.315699 0.457493 4.55862 -1.83894 
-1.22805 1.04092 3.12087 6.47646 12.1529 8.81903 
-0.33268 0.265591 0.263293 1.93121 3.01084 -0.514382 
-1.11066 1.4542 2.70102 8.84039 10.906 8.29982 
-0.870935 0.553645 2.67262 5.68501 8.58059 7.26099 
-0.282037 0.154014 0.742299 1.56124 3.17323 0.666088 
-1.3152 1.50512 3.85299 9.10513 12.6649 11.9615 
-0.230648 0.229663 0.449176 1.56756 2.83005 -0.677317 
-0.671318 0.544079 1.50197 5.01499 6.94557 3.52263 
-0.955106 0.547841 2.48384 5.77686 9.39639 7.15006 
-0.441373 0.283693 0.558954 1.9198 4.2247 0.60388 
-1.06076 0.760519 3.11136 5.90381 11.5718 9.23921 
-0.372712 0.299647 0.437021 1.57216 3.06288 -0.638637 
-0.834158 0.669328 1.51253 5.12999 7.89404 4.07941 
-1.10333 0.280777 1.75221 3.52758 9.62967 5.7178 
-0.228956 0.299241 -0.22592 1.36921 2.64273 -2.32383 
-1.39375 0.805771 3.61231 6.70867 14.7847 11.6377 
-0.450468 0.337236 1.23897 2.20893 4.77163 2.90782 
-0.808444 0.65972 2.385 5.26701 8.12399 7.23507 
-0.687181 0.453537 1.57833 4.58671 7.12595 3.73269 
-0.516132 0.280039 0.445618 3.32846 3.44644 0.0894595 
-1.30977 0.997061 4.0372 8.47175 13.0506 12.4193 
-0.26603 0.186774 0.545597 1.19982 2.99605 -0.627781 
-0.906095 0.414921 1.63113 3.00863 9.08054 5.53975 
-0.867373 0.477333 2.51705 5.3549 8.63051 7.0031 
-0.572098 0.294649 0.468278 2.98142 4.3806 0.455349 
-1.42304 0.879403 3.71372 8.16743 12.7209 12.1607 
-0.799647 -0.0637246 1.23171 1.10727 6.57872 4.21486 
-0.934558 0.676804 1.84969 3.89921 8.94839 6.13335 
-1.49008 0.160182 2.58296 3.16511 12.2218 9.35227 
-0.360805 -0.0490992 0.695906 -4.42269 4.16981 -0.913433 
-1.37408 0.911131 3.86611 8.22313 12.7239 12.3614 
-0.792371 -0.20051 0.43358 -0.41226 5.48293 1.4005 
-1.02967 0.689045 2.37455 6.08497 9.98593 7.22972 
-0.809605 0.462829 1.62081 4.52363 8.18189 3.6422 
-0.587993 0.141318 0.699215 2.29364 4.51601 1.29989 
-1.56162 0.799875 3.7016 7.62029 13.8754 12.9665 
-0.335445 0.204283 0.511532 1.32296 3.29026 -0.337603 
-1.03932 0.558665 1.61888 4.84548 8.74672 5.21199 
-1.35857 0.0685154 2.06645 2.54406 8.20386 5.93617 
-0.862506 -0.189454 0.526954 -0.779196 3.48068 -0.0862878 
-1.72246 0.375195 3.34737 4.84331 12.1893 10.6113 
-0.413751 0.341893 1.12023 2.33286 4.73349 2.27778 
-0.934211 0.726879 1.96512 6.8953 7.38738 5.80748 
-0.831396 0.452959 1.53072 3.8753 8.15099 4.82637 
-0.516644 0.0322578 -0.19636 0.18727 3.4172 -1.41428 
-1.18514 0.787231 2.88394 7.70956 11.0982 8.30123 
-0.563014 0.183049 1.23791 2.04377 5.34109 2.24272 
-1.00156 0.482578 1.42108 4.28666 8.46418 4.29812 
-0.772329 0.378339 1.60248 4.28423 7.35131 4.45206 
-0.701729 0.258811 0.879011 2.10881 5.53784 1.68742 
-1.5776 0.823509 3.70008 7.85806 13.4325 12.2899 
-0.387372 0.262479 0.186028 1.35327 4.0049 -1.0853 
-1.24854 0.536307 2.68945 6.06607 10.1745 7.86715 
-0.776128 0.500656 1.56177 4.5359 7.59618 3.35081 
-0.468586 0.253892 -0.176499 1.55838 4.25105 -1.61452 
-1.35399 0.946406 3.70939 8.63187 12.8475 11.5175 
-0.382974 0.243947 0.0334053 1.70379 3.86029 -0.904326 
-1.0272 0.658587 2.65966 6.40674 9.46795 6.87363 
-0.723153 0.500257 1.48252 4.62997 7.94314 3.24168 
-0.272986 0.184028 -0.03526 1.74421 2.86086 -2.42635 
-1.28312 0.842471 3.78095 8.01443 11.9495 11.3568 
-0.262577 0.299154 0.1811 2.19419 3.62247 -1.27692 
-0.954147 0.619452 2.58214 6.63774 8.78322 7.41371 
-0.654455 0.477141 1.51853 4.3931 7.09475 3.37949 
-0.511513 0.259811 0.775623 1.99885 4.78891 1.5904 
-1.18814 0.69933 4.12527 8.76632 12.3624 12.8907 
-0.251867 0.175076 1.53368 5.03524 5.44146 2.74012 
-1.00125 0.778036 2.68015 8.80683 10.3208 6.98366 
-0.426803 0.330943 2.21855 7.18242 7.7742 4.31553 
-0.48515 0.185519 0.925946 2.83242 4.45054 1.4283 
-1.1731 0.803147 2.75311 7.08747 11.2816 9.13648 
-0.131986 0.217693 0.482369 3.3825 3.88322 -0.835022 
-0.667574 0.591269 1.8516 6.65474 8.24855 4.74935 
-0.623696 0.489081 1.977 7.07254 7.93715 3.49059 
-0.232024 0.139138 1.3579 4.73901 4.40363 2.09359 
-1.20157 0.729235 4.16275 9.56565 12.5916 12.4489 
0.0543853 -0.068647 0.628362 0.746339 2.68998 0.407367 
-0.844862 0.4725 2.8085 6.70959 9.45491 8.38442 
-0.774163 0.521636 2.57422 6.99532 9.37295 7.70872 
-0.212103 0.289715 -0.110881 1.40966 2.73146 -2.04437 
-1.01531 0.679781 3.09381 6.97658 11.0956 10.2939 
-0.37236 0.184002 1.13267 1.91911 4.59575 1.70416 
-1.03503 0.629024 2.46863 7.34202 9.29861 6.91859 
-0.368713 0.395273 1.68319 5.50142 6.68482 4.60823 
-0.298665 0.0853313 0.29698 0.508222 4.59583 -0.326678 
-1.35389 0.840036 3.86085 7.89028 12.4443 11.5542 
-0.478206 0.256085 1.07823 2.02468 4.67708 1.09489 
-0.780546 0.526047 1.66622 4.61621 8.26462 5.40516 
-0.729224 0.443364 2.41325 4.82019 7.84038 6.44887 
-0.16742 0.0681155 0.290058 1.52045 0.905862 -1.10071 
-1.12912 0.620007 2.90145 7.07082 10.8454 9.12568 
-0.249544 0.218589 1.1124 2.5696 3.96062 2.39135 
-0.808526 0.49644 1.58866 5.10511 7.48732 4.88814 
-0.667818 0.347007 1.36616 3.78227 6.88021 3.92303 
-0.345166 0.186462 -0.125504 1.36022 3.5181 -1.7531 
-1.30665 0.915423 3.78437 7.80165 12.4213 11.7199 
-0.43135 0.251728 0.86774 3.56003 3.56599 1.36099 
-1.03319 0.664779 2.56964 5.73693 9.88136 8.21752 
-0.486295 0.387464 1.47801 3.14818 6.45856 4.81037 
-0.303862 0.10675 0.0424438 1.82142 3.5095 -2.05814 
-1.54295 0.91092 3.78946 8.50457 14.0938 10.8214 
-0.181172 0.017023 0.290738 -0.651336 3.68074 -0.469834 
-0.900064 0.584083 1.85906 5.34497 8.54048 4.38757 
-0.849918 0.354651 1.89369 3.43661 10.0198 5.16555 
-0.506857 0.193788 0.966567 2.35168 4.50125 1.77822 
-1.37148 0.856455 3.82303 7.97655 13.1588 11.4993 
-0.227721 0.192025 -0.011599 1.08828 2.2319 -0.968643 
-0.987977 0.42608 2.20992 4.60154 10.9482 6.05226 
-0.875869 0.621905 2.26781 4.91825 8.73134 6.22383 
-0.437134 0.116159 0.439969 1.03185 5.14364 0.435294 
-1.37671 0.895685 3.78806 7.58865 13.0297 12.0833 
-0.281545 0.61901 0.175561 2.41086 3.72057 0.534565 
-0.8472 0.602613 1.72133 5.44273 8.69921 3.91561 
-0.815383 0.397173 1.8928 3.78607 9.9879 5.09975 
-0.407803 0.384446 0.94491 3.22115 4.71197 1.36148 
-1.1637 1.18277 3.29587 7.29853 12.1003 9.53115 
-0.511607 0.797694 1.38666 2.54812 5.59348 3.87229 
-1.01655 0.787379 2.72304 6.75761 9.35487 7.88372 
-0.670083 0.817028 1.64457 5.32954 7.45174 4.58817 
-0.37702 0.764245 0.316163 2.50089 4.32381 0.704207 
-1.33709 0.910519 3.47902 8.11398 13.638 11.7309 
-0.339552 1.13962 0.76834 4.28267 3.40709 2.35368 
-0.883878 0.60154 1.59075 5.04597 8.65079 4.36891 
-0.97868 0.539406 2.25078 4.33177 9.31272 6.14247 
-0.403467 0.303081 0.827626 2.97324 4.33656 1.0878 
-1.39776 0.864696 3.74589 9.01221 12.1925 10.9069 
-0.174763 0.229716 -0.0740948 1.38207 2.46175 -1.82192 
-0.848799 0.589982 1.99269 5.48542 7.92665 4.7292 
-0.688338 0.751626 1.87165 4.70677 6.4922 4.00045 
-0.244891 0.281805 0.160699 1.99979 2.72004 -1.43682 
-1.10826 0.821773 3.03509 6.80797 11.081 8.49827 
-0.362891 0.149416 1.03708 0.352288 3.81659 1.91512 
-0.786469 0.698735 1.99249 5.46415 8.23437 4.8887 
-0.574124 0.47132 1.51367 3.37114 6.75943 3.01441 
-0.269745 0.335578 0.087967 1.36848 3.12445 -0.915772 
-1.30728 0.838806 3.7262 7.03765 12.6056 11.882 
-0.343274 0.244407 0.885122 1.35572 3.92683 1.95442 
-0.937902 0.883882 2.31528 8.21769 7.77487 6.55525 
-0.679238 0.495692 2.25695 4.70003 7.3856 5.88652 
-0.399301 0.253773 -0.0625415 1.76865 3.83419 -1.18491 
-1.35564 0.923064 3.7279 8.1738 12.5483 11.4303 
-0.0653401 0.043328 1.40839 3.09548 3.36181 2.38815 
-0.905362 0.631671 2.63835 6.3774 8.65607 7.55535 
-0.704306 0.42926 1.36357 4.00229 7.46695 2.66997 
-0.401984 0.407403 0.366929 3.23304 2.07943 0.0156942 
-1.3285 0.677488 2.93053 6.25641 11.3454 9.43479 
-0.390242 -0.0736232 0.167635 -1.64355 4.14553 0.541545 
-0.987405 0.635169 1.73336 5.69543 9.1671 5.36115 
-1.08757 0.258836 2.44524 3.92599 7.5683 6.79553 
-0.310786 0.2024 0.162362 1.85961 3.33064 -1.28638 
-1.16583 0.738325 2.78564 7.42823 10.8637 8.02732 
-0.328869 -0.0978384 1.14127 0.489087 2.08265 0.489102 
-1.1254 0.603208 1.79614 5.52625 9.28919 5.46508 
-0.78755 0.710799 2.2099 5.89085 7.81329 6.45953 
-0.448915 0.237907 0.127798 2.06461 4.0552 -1.81476 
-1.29727 0.845995 3.5895 8.35715 13.0736 11.273 
-0.553477 0.0114279 0.210119 0.175386 2.38309 -0.642244 
-1.01759 0.54332 1.9632 5.79218 8.67063 5.45371 
-1.00651 0.367177 2.42342 4.08827 8.62717 6.61503 
-0.827272 -0.189146 0.605799 -0.43913 3.32854 0.791044 
-1.18946 0.848248 2.73313 7.45362 10.9569 8.53916 
-0.873062 -0.0632667 1.3672 0.293181 3.59719 3.57653 
-0.964708 0.790128 2.60461 6.64761 9.94606 7.5642 
-1.40887 0.181819 2.69247 2.33986 8.95812 8.45504 
-0.313437 0.326687 0.125313 2.47036 3.74932 -1.49649 
-1.13592 0.87434 3.12221 8.68951 10.7788 10.471 
-0.206686 0.153632 -0.0383058 1.11864 3.17712 -2.33181 
-1.05017 0.6856 2.74473 6.18536 9.44826 8.61329 
-0.819374 0.574578 2.09273 4.98696 8.20912 6.19259 
-0.442135 0.298947 1.09827 2.70931 4.70229 1.47217 
-1.30481 0.672328 2.84978 6.95604 11.5369 8.659 
-0.38433 0.189455 0.882091 2.30318 3.87782 1.00141 
-1.24029 0.71088 2.65765 6.36431 10.4795 8.82648 
-0.939028 0.52272 2.03863 4.69264 8.9504 6.11816 
-0.605515 0.165167 1.06528 2.93456 4.71687 1.67393 
-1.40102 0.764741 3.82363 7.89923 12.2689 11.6266 
-0.341682 -0.148381 0.887043 -1.94129 6.43563 -0.195342 
-1.06559 0.718491 2.6121 6.61032 9.65697 8.64189 
-0.854664 0.573966 2.11217 4.86582 8.48805 5.96395 
-0.36451 0.295037 -0.0242873 2.22155 3.74284 -1.03756 
-1.24162 0.735898 3.1559 6.89063 9.91874 8.86493 
-0.37248 0.158651 0.787334 1.18791 3.46073 1.44659 
-1.02793 0.710265 3.05116 7.65496 11.2625 8.98144 
-0.691159 0.361963 1.23383 2.91903 7.28352 4.08922 
-0.29061 0.227536 1.20579 4.36537 6.42694 1.62718 
-1.441 0.90684 3.71308 8.2113 12.6458 11.7104 
0.223931 -0.147695 0.789955 2.25434 2.66683 -0.221324 
-1.02416 0.691976 1.85129 6.02148 9.3875 5.55248 
-0.887695 0.577226 2.26206 7.63013 8.5642 4.77845 
-0.399273 0.261805 1.44311 4.17088 5.24808 2.183 
-0.97228 0.813768 2.9556 6.44776 10.8951 9.13044 
-0.186939 0.136923 -0.0186826 1.36471 2.39445 -2.04976 
-1.16532 0.796036 2.90321 8.19589 10.8659 8.4488 
-0.61465 0.402338 2.58177 6.46126 9.04524 6.93568 
-0.384537 0.281182 0.112128 1.9265 3.74113 -0.555986 
-0.95616 0.662801 4.34394 9.76807 12.1057 12.6199 
0.141481 -0.0185664 0.697703 3.76423 3.2364 -0.722687 
-0.622002 0.467812 2.71518 8.53516 9.02903 6.40734 
-0.285045 0.255213 1.75047 6.35874 6.14859 3.66897 
-0.563204 0.327412 0.975049 3.05197 5.35512 2.8077 
-1.13588 0.628745 3.85411 7.85963 11.348 12.7843 
-0.37071 0.118575 0.766891 1.05943 3.4002 1.30488 
-0.615741 0.493819 1.96841 6.12424 7.20367 6.04489 
-0.551094 0.281384 2.42203 6.92518 9.14031 6.41308 
-0.435647 0.344012 0.133234 2.51131 3.5676 -0.871527 
-1.31535 0.809564 3.26396 7.63108 13.9463 11.2751 
-0.388018 0.214823 0.75083 1.94282 4.1673 1.54247 
-0.939454 0.611494 2.79453 6.57398 9.18726 8.12121 
-0.637862 0.389107 1.81022 4.2035 7.56367 5.11082 
-0.266673 0.100438 0.179615 2.45696 2.80805 -0.979701 
-1.34651 0.721473 3.78406 7.97374 12.372 12.024 
-0.303072 0.165536 0.748353 1.34348 3.45538 1.91477 
-0.835218 0.708397 1.82414 5.88584 8.34211 5.28413 
-0.688513 0.418062 1.13481 3.45196 6.78456 2.99353 
-0.51069 0.271614 1.21762 2.77803 4.76831 2.02525 
-1.31746 0.847692 3.6903 8.18658 12.5714 12.2656 
-0.228518 0.162787 0.819478 2.05246 2.73167 1.24792 
-0.913623 0.576523 2.03628 6.27164 9.20157 5.55336 
-0.887908 0.532713 1.84148 6.7029 7.35806 4.90219 
-0.379561 0.218299 0.263885 2.29041 3.6958 -0.575907 
-1.22642 0.756264 3.77829 8.04733 11.8142 11.5982 
-0.257611 0.17979 -0.30142 1.23357 2.7849 -1.86083 
-0.950269 0.730422 2.42417 7.59923 7.726 5.65362 
-0.745477 0.470258 2.14239 4.67248 7.25004 5.3759 
-0.347486 0.260788 0.261164 2.19487 3.6713 -1.08854 
-1.19359 0.908474 2.77151 7.36158 11.0855 8.30567 
-0.129669 0.140749 -0.017445 -0.204691 2.16031 -1.1742 
-0.921124 0.751335 2.01961 6.55005 8.76611 5.30992 
-0.677727 0.633633 1.59733 4.77534 6.16425 2.95731 
-0.469626 0.309725 0.0584987 2.32059 4.26167 -0.553493 
-1.1289 1.08853 2.96789 8.63526 10.9049 9.38016 
-0.441582 0.261623 0.656615 1.90503 4.1706 1.17444 
-1.04867 1.1982 3.08354 8.84642 10.3791 9.87279 
-0.720593 1.01976 1.47693 4.49207 7.83276 4.44149 
-0.654004 1.06987 1.59307 4.70234 6.4935 5.06495 
-1.28455 1.02111 3.76785 9.41191 11.865 12.0178 
-0.413839 0.752161 1.15107 3.48045 4.84769 3.42555 
-0.984543 1.23177 2.28907 7.14688 9.77011 7.87516 
-0.780537 0.921396 2.06304 6.09664 7.55541 7.12937 
-0.495302 0.871509 1.09752 2.74539 7.29431 3.37856 
-1.3399 1.46686 3.47437 10.1134 14.35 12.9675 
-0.336223 0.199651 0.690938 1.65628 3.10992 1.3943 
-0.93596 0.68067 2.09662 6.45608 8.94257 5.59536 
-0.612892 1.03903 1.62478 5.32246 7.14701 4.0625 
-0.525203 0.358022 0.293641 2.58986 4.9664 0.136725 
-0.881427 0.739957 3.85265 10.1054 10.4784 9.67525 
-0.227936 0.237052 -0.0331584 1.32034 2.72302 -1.69159 
-1.16297 0.827996 3.00335 6.56954 11.0827 9.5188 
-0.735911 0.528328 2.04646 3.93166 7.75231 5.248 
-0.307744 0.41775 0.7251 2.34084 2.84311 -0.245565 
-1.07288 0.781318 3.05162 6.56438 10.7522 8.35038 
-0.0559649 0.120614 0.0911847 0.27997 1.75059 -1.9159 
-0.953783 0.810223 3.14701 6.7505 9.76524 9.22213 
-0.731478 0.382008 2.06561 3.42691 7.0827 5.82793 
-0.397215 0.389454 1.31372 2.92299 4.70094 2.76019 
-1.23895 0.834133 4.02942 7.18276 12.0928 11.8294 
-0.159141 0.156872 -0.0746663 0.541129 1.99413 -1.53595 
-1.11871 0.685272 2.95829 6.58324 10.3834 8.80026 
-0.58273 0.341074 1.24016 3.05214 6.35691 2.0352 
-0.827674 -0.0406142 0.724913 1.0547 4.42567 1.30981 
-1.13847 0.863553 2.74829 7.40482 11.0737 8.03415 
-0.123203 0.222716 -0.212383 1.01708 2.07382 -2.38281 
-1.05545 0.602296 2.21667 6.22464 9.33158 6.07084 
-0.649533 0.354916 0.975982 3.19512 5.88987 2.13385 
-0.634689 0.378576 1.15164 3.34641 5.42732 2.97538 
-1.22308 0.802601 2.77413 7.31557 10.7428 9.03612 
-0.209044 0.223771 -0.151927 1.13607 2.0596 -2.48939 
-1.13517 0.738678 2.86546 7.13018 10.7155 9.1175 
-0.601457 0.508906 1.49442 4.48169 4.87959 2.31356 
-0.493014 0.324941 1.18085 3.31519 4.89471 2.3352 
-1.67315 0.493834 3.31043 5.36045 10.6317 10.7369 
-0.482517 0.223527 0.463276 2.77915 3.48563 0.3159 
-1.30117 0.457992 2.343 4.69032 9.18508 7.08239 
-1.28478 -0.0657746 1.48458 -1.03137 9.85053 5.56705 
-0.808846 0.322982 1.38979 3.03491 5.77936 3.63062 
-1.20523 0.812908 2.77059 7.35141 10.6418 8.30183 
-0.886065 -0.184833 1.28369 -0.357688 4.38675 2.36045 
-1.00392 0.698172 2.06255 6.79437 9.23486 5.88818 
-1.05925 0.294867 1.98043 2.63674 8.05798 5.63667 
-1.08602 0.0934205 1.80409 1.61874 5.87689 4.96041 
-1.61778 0.552751 2.86634 6.09162 14.1817 10.4071 
-0.546901 0.130163 1.06246 0.931923 2.65532 1.55024 
-1.50674 0.297607 2.77201 4.17358 9.65279 7.77599 
-1.20766 0.0633637 1.63418 1.02607 6.60976 4.53468 
-0.739317 0.394799 1.21344 3.43997 6.07 3.02442 
-1.26126 1.02176 3.27947 9.22348 10.0067 9.57154 
-0.328066 0.252625 -0.127904 1.7323 3.04516 -2.49811 
-1.23964 0.727362 3.15688 7.25818 11.0164 9.2635 
-0.717036 0.356167 1.05301 3.49314 6.75396 1.68239 
-0.752949 0.31365 0.459896 2.15819 5.7471 1.38937 
-1.23725 0.724831 2.82653 7.11663 12.1536 8.17595 
-0.342709 0.184194 -0.147365 1.54865 3.27413 -2.41442 
-1.48302 0.740816 3.03549 7.17938 12.2378 9.98833 
-0.82655 0.40943 1.06078 3.1941 7.02018 2.31375 
-0.705926 0.331191 1.49773 3.02504 5.89618 2.97414 
-1.32173 0.888969 3.66884 7.75927 12.7006 11.5266 
-0.097548 0.111595 -0.235356 1.22325 1.72256 -2.6615 
-1.27504 0.703749 3.21577 7.01413 11.0532 9.39064 
-1.14328 0.216777 2.17839 2.73801 8.29665 6.76871 
-0.17484 0.127659 1.00481 4.85778 5.15914 0.651067 
-1.29138 1.0322 3.28235 10.1366 11.3112 10.044 
0.0341902 0.0321529 0.430662 3.12234 2.81347 -1.82327 
-1.20938 0.776605 3.10137 7.12641 11.5286 9.87704 
-0.525629 0.343797 2.4765 5.89423 7.29338 5.53899 
-0.418191 0.253939 0.958387 5.62815 5.8963 0.464258 
-1.11771 0.778599 2.76413 7.2086 11.404 7.82896 
-0.100919 0.084501 0.205764 3.68432 2.89824 -2.25191 
-0.955059 0.696792 2.15711 6.54612 9.78568 6.18654 
-0.540871 0.380535 0.930839 3.96064 5.49205 1.35675 
-0.596295 0.399499 1.39933 4.39437 5.66303 3.02427 
-1.16683 0.683174 2.70902 6.79262 11.1662 8.26867 
-0.189269 0.197977 -0.285047 1.22954 2.05635 -2.01257 
-1.22455 0.829054 2.832 7.4488 11.4831 9.11378 
-0.599672 0.683506 1.34672 6.09588 4.166 2.76943 
-0.722282 0.331629 1.34733 3.15621 6.7763 3.53702 
-1.09799 0.719915 2.76243 6.98916 10.3816 7.74049 
-0.139105 0.136482 -0.100667 0.57612 2.75445 -2.83179 
-1.02839 0.646156 2.29593 5.73382 9.5545 6.86782 
-0.232653 0.233611 1.58954 5.87566 6.256 2.38769 
-0.42171 0.148313 1.20065 2.42941 4.53228 3.8954 
-1.25786 0.542228 3.11885 5.83227 13.3961 10.2074 
0.0677273 0.135328 0.90139 4.73822 1.69833 0.725357 
-0.96812 0.599999 2.19628 6.43159 9.28267 6.61398 
-0.420881 0.261037 1.09806 3.11892 5.69388 1.87671 
-0.601855 0.46485 1.4022 4.24219 6.21156 3.46888 
-1.35534 0.82912 3.59261 7.31361 12.8479 11.5375 
-0.20555 -0.103005 0.42071 -0.109512 4.15692 -1.13641 
-0.95419 0.629856 2.40727 6.46959 9.50518 6.79923 
-0.673855 0.392534 2.02071 4.10199 6.63976 4.66899 
-0.632944 0.236598 1.32449 2.73026 5.44942 3.75934 
-1.26258 0.67722 3.62499 6.96063 11.8978 11.5437 
-0.133967 0.126283 -0.268762 1.13598 1.43481 -1.93647 
-1.15247 0.727693 3.0628 7.51014 11.0755 10.4869 
-0.527198 0.33363 0.953649 3.28685 5.63037 2.60835 
-0.429208 0.19125 0.403502 2.78271 4.63104 0.518033 
-1.06338 0.67159 2.70261 6.5839 11.0865 7.77761 
-0.281596 0.28052 0.608747 2.5126 3.6406 0.259505 
-1.19007 0.764811 3.19455 7.35528 11.3733 9.49518 
-0.658613 0.423478 1.94421 3.97232 6.46373 4.67963 
-0.41924 0.315768 0.55693 2.84214 4.29702 0.176427 
-1.32993 0.697164 3.62722 7.39422 12.5037 11.3955 
-0.262276 0.183331 0.683961 2.06047 2.87298 0.457357 
-1.13133 0.788645 2.09046 6.80156 10.4033 6.53141 
-0.728144 0.382669 1.75438 3.33234 6.62858 4.55319 
-0.657626 0.435412 1.27171 3.3526 6.45827 3.92153 
-1.08676 0.81809 2.57137 6.71275 10.7457 7.55619 
-0.230528 0.00466709 -0.13026 -0.987257 3.16062 -1.0024 
-1.23674 1.14411 3.3595 9.15233 12.0639 10.4067 
-0.818444 0.494466 1.81801 3.87372 7.70934 4.83213 
-0.490935 0.439171 0.579709 3.54577 5.33069 -0.047883 
-1.2971 1.14727 3.84548 8.71814 12.6767 11.7772 
-0.330925 0.74498 1.18163 2.74769 4.4582 2.39316 
-0.929934 1.16374 2.65284 7.57286 10.0973 8.79302 
-0.66542 0.950229 1.51136 4.39585 7.46045 4.29846 
-0.656747 1.11577 1.62841 7.09096 6.34497 4.04388 
-1.12412 0.992911 2.73153 8.06504 10.8945 8.17894 
-0.435584 0.862802 1.14844 3.54783 5.14504 2.16522 
-1.20052 1.27283 3.30425 8.06485 13.3971 10.949 
