1.25548 -1.0273 0.27319 -7.63601 -2.37449 2.6585 
0.653255 -0.413855 0.0619707 -1.11652 -2.71297 0.760793 
1.41631 -0.801151 -0.290193 -6.08432 -4.81595 0.524468 
1.28868 -0.679703 -0.206964 -3.49117 -4.50229 -0.862889 
0.554623 -0.265401 -0.531524 -1.38147 -2.87887 -2.56121 
1.41704 -0.847322 -0.783155 -6.3539 -4.84083 -2.27136 
0.621972 -0.28537 -0.390202 -1.95145 -3.3933 -1.97597 
1.4175 -0.861696 -1.12577 -4.27141 -4.62064 -3.51065 
1.5426 -0.917688 -1.05852 -4.53081 -6.29274 -2.45625 
0.481822 -0.229021 -1.38614 -1.45387 -2.2065 -4.77793 
1.83939 -1.03916 -0.551186 -5.97751 -5.89868 -0.191344 
0.605376 -0.293276 -0.468746 -1.88398 -2.61354 -2.11671 
0.906486 -0.615925 -1.51322 -4.29915 -2.43371 -5.72314 
1.42091 -0.789529 -0.697451 -5.47032 -5.93419 -1.37989 
0.628152 -0.368833 -0.724869 -1.79876 -2.81636 -2.44957 
1.2387 -0.748323 -1.25059 -5.82005 -4.13446 -4.54904 
0.625722 -0.306595 -0.46863 -1.64582 -3.29361 -2.03903 
0.978501 -0.658421 -1.50636 -4.46274 -3.04676 -4.96467 
1.04789 -0.697459 -0.828221 -4.83564 -4.08582 -2.94487 
0.642398 -0.337922 -0.862146 -2.04485 -2.79707 -2.65868 
1.39938 -0.816147 -0.937645 -6.15844 -4.50809 -2.25121 
0.569771 -0.273886 -0.494009 -1.76005 -2.6522 -2.71835 
1.06289 -0.622895 -0.941962 -4.70979 -3.64688 -2.78576 
0.92071 -0.507263 -1.42854 -3.97714 -3.97417 -4.98507 
0.535335 -0.274017 -0.614469 -1.64266 -2.26706 -3.15377 
1.35922 -0.773953 -0.899138 -6.43718 -4.33421 -2.33432 
0.62464 -0.266752 -0.507997 -1.51371 -3.6118 -2.11146 
1.04143 -0.548831 -1.00652 -4.68925 -3.16532 -3.54037 
0.866079 -0.411929 -1.3138 -3.50105 -3.47103 -5.23867 
0.570919 -0.273267 -0.65086 -1.64412 -2.23757 -2.92332 
1.27379 -0.769117 -1.51996 -6.0541 -3.93091 -4.35644 
0.410382 -0.187501 -1.21032 -1.19312 -2.14394 -4.65417 
1.06021 -0.57824 -0.963421 -4.76215 -2.9581 -3.09174 
0.775733 -0.56384 -0.881992 -4.62248 -2.97279 -4.60329 
0.503277 -0.281096 -1.33158 -1.34105 -2.31645 -5.08545 
1.23816 -0.768249 -1.40819 -6.0438 -3.70362 -4.82676 
0.506135 -0.11503 -0.735946 0.185506 -3.26295 -3.67913 
0.976042 -0.307651 -1.26146 -4.62042 -2.16859 -4.12928 
0.885179 -0.505647 -1.35754 -3.9609 -3.50153 -5.67724 
0.508406 -0.0559596 -1.06633 -1.3933 -1.57603 -4.01461 
1.17612 -0.705297 -1.00589 -4.47092 -3.75319 -3.30508 
0.568342 -0.129828 -0.59754 -0.997629 -2.88331 -1.50558 
0.91538 -0.39563 -1.52176 -3.94492 -2.23771 -4.83604 
0.95061 -0.372708 -0.742242 -3.72358 -3.32889 -2.38275 
0.512907 -0.285279 -1.05675 -2.34472 -1.66317 -4.82494 
1.43219 -0.855807 -0.74564 -6.73249 -4.61416 -2.4285 
0.535623 -0.213381 -0.160074 -3.33822 -1.55801 -2.47052 
1.01271 -0.641119 -1.38998 -4.47882 -4.18022 -4.90616 
0.884374 -0.504262 -1.37664 -4.0592 -3.18756 -5.67531 
0.537875 -0.259133 -1.34987 -1.32282 -2.22179 -5.01142 
1.27493 -0.457418 -1.10474 -6.01813 -2.67392 -3.92434 
0.480467 -0.230281 -1.10895 -1.57694 -2.98387 -4.13579 
0.976529 -0.594383 -1.50786 -4.2916 -2.67715 -5.19925 
1.01157 -0.532063 -0.78494 -3.83265 -4.15687 -2.58864 
0.46219 -0.196222 -1.36408 -1.4679 -1.84645 -4.55743 
1.39398 -0.771152 -0.920267 -6.53345 -3.86105 -2.56203 
0.37371 -0.229817 -0.928134 -1.55603 -2.69943 -3.47718 
0.905325 -0.409305 -1.36499 -3.05766 -2.97063 -4.55507 
1.01075 -0.532439 -0.834662 -3.94213 -4.08874 -3.71644 
0.64505 -0.378917 -0.709206 -1.9715 -2.85003 -2.82998 
1.25568 -0.757369 -1.26903 -5.98496 -3.92539 -4.47101 
0.482124 -0.211015 -1.12772 -1.24529 -3.25028 -4.05895 
1.0962 -0.662278 -1.08085 -5.27385 -3.16374 -3.14153 
1.00781 -0.447662 -0.847986 -3.75352 -3.78541 -3.19381 
0.588848 -0.304044 -0.670347 -1.83263 -2.21503 -2.9181 
1.35972 -0.982955 -1.27752 -7.79676 -4.00173 -3.23849 
0.589668 -0.349224 -0.608009 -2.00071 -3.13814 -2.38966 
1.08397 -0.735382 -1.00348 -5.06511 -3.18938 -3.07068 
0.975318 -0.532298 -0.883797 -3.93241 -3.88383 -2.79915 
0.589635 -0.261441 -0.69005 -1.46669 -1.9216 -2.99686 
1.22037 -0.757625 -1.4044 -5.97593 -3.60047 -4.44933 
0.445138 -0.227735 -1.15163 -1.55166 -2.1511 -4.58483 
1.13499 -0.640419 -0.92532 -4.72068 -3.26569 -3.09517 
0.989476 -0.521805 -0.88873 -4.3047 -3.96927 -3.32882 
0.625327 -0.34706 -0.650811 -1.99274 -2.7336 -2.84116 
1.15123 -0.844827 -1.34162 -6.27485 -4.27756 -3.83782 
0.464629 -0.220615 -1.24735 -1.2961 -2.77832 -4.41879 
1.11731 -0.653557 -1.01951 -4.79551 -3.66346 -2.77388 
0.745893 -0.547304 -1.2753 -3.86051 -2.95656 -5.15024 
0.657781 -0.393 -0.399505 -2.60995 -4.32458 -2.79411 
1.25757 -0.779121 -1.30658 -5.89977 -4.06004 -4.31163 
0.462915 -0.105617 -0.719275 -0.62172 -5.7384 -3.8199 
1.1973 -0.721534 -1.04101 -4.1436 -4.86909 -4.81015 
0.954517 -0.480074 -0.768757 -3.94053 -3.94671 -2.97164 
0.320334 -0.340401 -0.412981 -2.22182 -2.55498 -2.25488 
1.20299 -0.955009 -0.488914 -7.07629 -5.17554 -1.76094 
0.740467 -0.332433 -0.694404 -0.849678 -4.3073 -3.21817 
1.02911 -0.648804 -1.58222 -4.73838 -3.42414 -4.80329 
0.889504 -0.486951 -1.39144 -3.30861 -3.85018 -5.14449 
0.519007 -0.247715 -1.19564 -1.36146 -2.15822 -5.11096 
1.25763 -0.738659 -1.5028 -5.65172 -3.96359 -4.58902 
0.586768 -0.287968 -0.665682 -1.95461 -3.32826 -2.38571 
0.956308 -0.627105 -1.60263 -4.80771 -2.86697 -4.95122 
0.948867 -0.522636 -1.07145 -4.9464 -3.73578 -4.20586 
0.571597 -0.300095 -1.2139 -1.7961 -2.52618 -4.95241 
1.34463 -0.799349 -0.975934 -6.25716 -2.81627 -2.32552 
0.47795 -0.202891 -0.489946 -1.63863 -2.67766 -2.34187 
1.15262 -0.674915 -0.846457 -4.93631 -4.22767 -2.87381 
0.872218 -0.34996 -0.836444 -2.27534 -4.23418 -3.95596 
0.55562 -0.291601 -1.29226 -1.52448 -2.68821 -5.01601 
1.30663 -0.740953 -0.782647 -6.12091 -3.82825 -2.35499 
0.569488 -0.215759 -0.605851 -1.40938 -3.42496 -2.25028 
0.974708 -0.575204 -1.58671 -4.39102 -2.92637 -5.33898 
0.852146 -0.465769 -1.39041 -3.38925 -3.63024 -5.06933 
0.344276 -0.15952 -0.759408 -0.368325 -0.84285 -4.19951 
1.37975 -0.804961 -0.877892 -6.30424 -4.38733 -2.10896 
0.498458 -0.194379 -0.628587 -1.26485 -2.87794 -2.62557 
1.13697 -0.704456 -0.92382 -4.89182 -3.63531 -2.8606 
0.779575 -0.406346 -1.19477 -3.13081 -4.24827 -4.87194 
0.65668 -0.469551 -1.04222 -3.37556 -1.92844 -3.22497 
1.32635 -0.772906 -0.843262 -6.1003 -3.94381 -2.57058 
0.532205 -0.193164 -0.611235 -1.4806 -2.82997 -2.85707 
1.13792 -0.681112 -0.948576 -4.64101 -2.9625 -3.46787 
0.989968 -0.459267 -0.79167 -3.82196 -4.04204 -3.35061 
0.883769 -0.530086 -0.688444 -2.06457 -2.88242 -2.60569 
1.38112 -0.742299 -0.765926 -5.71315 -4.39988 -2.58785 
0.553658 -0.245143 -0.554448 -1.36715 -2.9408 -2.93783 
1.01006 -0.639269 -1.35533 -4.79143 -3.84778 -5.36617 
0.816588 -0.465336 -1.33671 -3.3804 -3.40867 -5.53064 
0.868822 -0.506144 -1.06784 -1.5879 -3.63804 -3.68259 
1.6631 -0.985736 -1.18453 -5.50103 -5.70127 -3.49716 
0.976586 -0.687412 -0.623011 -2.60193 -3.77317 -1.69334 
1.09951 -0.68825 -1.58808 -5.09761 -3.27607 -5.40811 
1.06796 -0.646239 -0.764979 -4.2085 -4.4042 -2.43107 
0.500788 -0.27845 -1.38468 -1.64601 -1.74873 -4.62449 
1.37013 -0.972754 -1.16411 -8.60581 -4.42702 -3.55656 
0.555141 -0.328587 -0.727608 -1.75813 -2.7582 -2.75175 
1.15652 -0.740565 -1.58277 -4.99239 -3.60934 -4.80079 
0.9576 -0.53964 -0.788186 -3.97348 -3.26763 -2.96578 
0.518629 -0.307935 -1.30729 -1.82833 -1.59252 -4.63483 
1.38274 -0.867606 -0.919313 -6.35716 -4.33001 -2.32413 
0.411687 -0.229698 -1.38842 -1.33559 -1.96912 -5.00172 
1.04631 -0.696066 -1.52677 -5.13351 -2.57546 -5.11344 
0.894591 -0.381722 -0.8756 -1.92999 -4.30315 -3.94895 
0.586203 -0.279319 -0.910385 0.15768 -2.78787 -3.56774 
1.43918 -0.916809 -1.03836 -6.33633 -3.73462 -2.60968 
0.553185 -0.286732 -0.723558 -1.7216 -2.75844 -2.37771 
1.05611 -0.593561 -1.2629 -3.22685 -3.14281 -3.88009 
0.960844 -0.543708 -0.687832 -3.57098 -4.27504 -2.52406 
0.628877 -0.373625 -1.34487 -1.81569 -2.74345 -4.39797 
1.27742 -0.811944 -1.48335 -5.88207 -4.18703 -4.50921 
0.446327 -0.272057 -1.3107 -1.70874 -2.47096 -4.93318 
1.00808 -0.634305 -1.68323 -5.07427 -2.31183 -5.32111 
0.888649 -0.507409 -1.34913 -3.5407 -3.89948 -4.76972 
0.728538 -0.363935 -0.665974 -2.54571 -2.48334 -2.46428 
1.29195 -0.78155 -1.22517 -6.03321 -4.94557 -3.86802 
0.513969 -0.242614 -0.667677 -1.88004 -2.15279 -2.69281 
1.30948 -0.811509 -1.5561 -6.31662 -4.26434 -4.04426 
0.780078 -0.423215 -1.36689 -3.2258 -3.14379 -4.69643 
0.605193 -0.268356 -0.886558 -1.82909 -0.972042 -3.34804 
1.21918 -0.696253 -1.40633 -5.71451 -3.79502 -4.68173 
0.43108 -0.161067 -1.01541 -0.613216 -3.50366 -4.45712 
1.04561 -0.574197 -1.48774 -4.4015 -3.22179 -5.13022 
0.781534 -0.424258 -1.17375 -3.02154 -3.63233 -4.72484 
0.508869 -0.0377359 -0.908978 -1.18086 -2.37931 -3.73526 
1.07989 -0.465494 -0.553331 -5.9302 -2.13257 -3.01514 
0.409683 -0.231492 -1.28971 -1.56589 -2.57018 -4.78662 
1.16622 -0.661492 -0.999005 -5.39333 -3.51851 -2.70243 
0.718687 -0.340734 -0.893213 -1.42986 -3.50418 -3.79265 
0.536892 -0.235688 -1.27123 -1.28973 -1.77934 -4.95171 
1.19537 -0.515397 -1.31748 -5.26779 -3.07202 -3.73059 
0.502761 0.0521866 -0.446317 -1.29356 -1.83185 -2.15076 
1.15832 -0.488888 -0.778163 -5.21803 -2.62602 -2.15023 
0.881556 -0.478165 -0.594305 -4.13334 -3.49032 -2.9956 
0.603991 -0.292956 -0.726625 -2.09159 -2.1281 -2.75959 
1.4974 -1.02211 -0.847552 -6.34637 -6.77893 -2.62112 
0.605797 -0.241511 -1.22678 -1.56016 -3.56096 -4.27324 
0.945762 -0.573984 -1.16749 -3.52174 -3.09396 -4.04092 
0.905623 -0.513798 -0.687701 -3.59632 -4.32265 -2.52337 
0.589213 -0.149158 -1.11041 -0.787321 -3.84799 -4.29973 
1.35384 -0.898006 -1.10174 -7.93574 -3.97144 -3.19714 
0.393013 -0.212459 -0.607456 -1.24251 -1.80037 -2.47368 
1.22582 -0.691857 -0.95851 -4.83203 -3.55758 -2.48358 
0.773447 -0.648943 -0.977376 -5.45794 -3.51517 -2.38084 
0.653985 -0.32145 -0.767203 -2.70378 -1.80209 -2.98036 
1.34049 -0.739653 -0.840425 -6.3342 -3.66463 -2.34826 
0.484423 -0.27248 -1.27003 -1.39594 -2.76073 -4.71427 
1.23743 -0.681278 -1.05559 -5.52534 -3.5757 -2.54409 
0.763855 -0.372942 -1.38989 -2.7036 -3.30875 -5.07589 
0.603926 -0.361965 -1.28924 -2.60622 -2.5879 -4.70747 
1.38112 -0.720685 -0.803616 -5.58139 -4.16059 -2.50961 
0.500349 -0.214187 -0.612252 -1.16815 -2.6327 -2.93037 
1.56474 -0.798798 -0.98296 -5.33873 -8.06457 -2.69848 
0.85141 -0.422372 -0.360857 -3.04347 -4.98344 -2.80507 
0.606506 -0.341959 -1.30794 -2.16166 -2.6736 -4.63175 
1.38258 -0.86792 -0.820467 -6.36165 -4.56964 -2.11127 
0.464553 -0.229575 -0.805632 -1.35342 -0.999257 -2.97847 
1.10049 -0.730979 -1.56626 -5.24843 -3.58139 -5.10318 
0.712201 -0.337594 -0.636696 -2.17114 -3.38053 -3.37633 
0.676198 -0.375237 -0.672044 -2.49531 -2.34912 -3.0655 
1.20412 -0.749626 -1.311 -5.71188 -4.11692 -4.76506 
0.393162 -0.180279 -1.08884 -1.04274 -2.96683 -4.06417 
1.16891 -0.682588 -0.961353 -5.1977 -3.5881 -2.78239 
0.869723 -0.428722 -0.604378 -3.07679 -3.87426 -2.01514 
0.553093 -0.328426 -1.13627 -2.07135 -1.96413 -4.96205 
1.27532 -0.730613 -0.953602 -5.51379 -5.45613 -3.83732 
0.427097 -0.358107 -0.43724 -2.34833 -2.32327 -2.78626 
0.988436 -0.791126 -0.600356 -6.15057 -4.49612 -1.3729 
0.798031 -0.347465 -0.429306 -2.5776 -4.19366 -1.96983 
0.745949 -0.331526 -0.489377 -2.35758 -2.58148 -2.26852 
1.43399 -0.82559 -1.19922 -6.3303 -6.2898 -3.11334 
0.291387 -0.410859 -0.674988 -1.88203 -3.56538 -3.11182 
1.09911 -0.671105 -1.48665 -4.9989 -4.26665 -4.89187 
0.764437 -0.396109 -1.18284 -2.74198 -4.09331 -5.6325 
0.42902 -0.465698 -0.338865 -2.78565 -3.29457 -2.48386 
1.27759 -0.754695 -1.31412 -5.43637 -5.49189 -4.99106 
0.517456 -0.209537 -0.364599 -1.15355 -4.33017 -3.26635 
1.2172 -0.780891 -1.07457 -6.44981 -4.72661 -4.34082 
0.761956 -0.314722 -1.00112 -2.47271 -4.83254 -4.90876 
0.778138 -0.295916 -0.94639 -2.57485 -3.31913 -3.41126 
1.25578 -0.680209 -1.13775 -5.4188 -5.3634 -4.87298 
0.392681 -0.156941 -1.34998 -1.0022 -1.93169 -5.09001 
1.27487 -0.80197 -1.2923 -6.14413 -2.48349 -2.95537 
0.761414 -0.410963 -1.32856 -3.25604 -2.71921 -4.7796 
1.12087 -0.481133 -0.997691 -1.05578 -4.04539 -2.49913 
1.4335 -0.792363 -1.17717 -6.2308 -3.61845 -3.05449 
0.516925 -0.330097 -0.744815 -2.08426 -2.96485 -2.51794 
1.25552 -0.754968 -1.09855 -5.9729 -3.7921 -2.90821 
0.745212 -0.361548 -1.39036 -2.73858 -3.01213 -5.15251 
0.6771 -0.380379 -1.42525 -2.51124 -2.16627 -4.76667 
1.29147 -0.736695 -1.52622 -5.86153 -3.67027 -5.04238 
0.448712 -0.186099 -1.27269 -0.865779 -1.8199 -5.10329 
1.09743 -0.64852 -1.565 -5.07569 -3.77099 -5.03489 
0.798204 -0.511067 -0.592691 -3.66638 -3.35403 -2.76253 
0.622774 -0.365882 -0.614807 -2.4299 -2.39683 -3.14774 
1.30528 -0.682128 -0.74627 -5.87738 -4.63972 -2.59066 
0.516848 -0.187649 -0.591171 -1.12319 -3.79581 -2.70564 
1.09811 -0.647091 -1.37587 -4.96297 -3.69363 -5.519 
0.797066 -0.327207 -0.452231 -2.56328 -4.25559 -2.34646 
0.729721 -0.345901 -0.394866 -2.22941 -3.46604 -2.42918 
1.36374 -0.694494 -0.683737 -5.31776 -5.36024 -2.0714 
0.517681 -0.163811 -0.527477 -0.871068 -3.24388 -2.19054 
1.06457 -0.645432 -1.45302 -4.72668 -3.00157 -5.50856 
0.869455 -0.429314 -0.434842 -3.085 -4.22781 -2.49403 
0.954391 -0.488099 -0.542535 -1.82936 -3.43533 -1.57487 
1.40072 -0.855408 -1.049 -6.28327 -3.70056 -3.74733 
0.644287 -0.357633 -0.843592 -1.94752 -2.55269 -2.73671 
1.55507 -0.915714 -0.722694 -5.17106 -4.3476 -1.98463 
0.815 -0.482851 -0.726062 -3.60644 -3.91166 -2.51654 
0.914968 -0.538008 -1.01207 -2.65682 -4.27364 -3.9128 
1.34478 -0.803309 -1.19143 -6.27821 -3.33294 -2.51708 
0.808933 -0.339968 -0.629376 0.92987 -3.78574 -2.48116 
1.20484 -0.770986 -1.75891 -5.83001 -3.53395 -4.99887 
1.27941 -0.667703 -0.885973 -4.59534 -5.56797 -0.903343 
0.730878 -0.405405 -0.921351 -2.57346 -2.01129 -2.80149 
1.16459 -0.727596 -1.62575 -6.10318 -3.22553 -5.3243 
0.273905 -0.101745 -0.895025 0.103276 -1.25513 -4.17954 
1.55579 -0.92041 -1.34048 -5.18736 -4.27556 -3.70626 
0.998837 -0.565771 -1.14257 -3.48515 -3.91459 -3.43999 
0.765821 -0.422431 -0.979673 -2.78773 -1.28932 -2.87086 
1.28922 -0.773458 -0.961464 -6.30968 -3.72924 -2.77752 
0.499287 -0.249572 -0.806375 -1.58886 -1.01645 -3.05355 
1.24384 -0.813038 -1.60399 -5.66309 -3.99363 -4.9441 
0.903678 -0.573155 -0.919582 -4.27055 -3.38318 -2.48381 
0.786812 -0.456733 -0.76116 -2.57348 -2.38587 -2.21761 
1.07804 -0.400679 -0.899095 -3.5883 -2.92244 -2.59251 
0.412219 -0.190392 -1.32905 -0.993476 -2.53796 -4.86188 
1.31241 -0.782952 -0.96311 -5.72212 -3.49388 -2.93161 
0.872627 -0.490268 -0.553365 -3.12477 -3.68153 -2.69939 
0.696439 -0.412623 -1.23232 -2.49878 -2.75451 -4.79232 
1.24014 -0.712455 -1.30557 -5.38993 -5.27976 -4.16227 
0.428373 -0.24256 -1.31074 -1.52825 -2.74369 -4.93431 
1.13403 -0.667797 -1.60218 -5.08943 -3.55559 -4.8789 
0.832478 -0.407649 -0.68292 -3.15623 -3.53693 -2.15529 
0.676246 -0.400934 -1.38517 -2.74396 -2.2147 -4.61867 
1.24 -0.77114 -1.52692 -5.84416 -4.09764 -5.03446 
0.464274 -0.171738 -0.924135 -1.00464 -1.7694 -3.1907 
1.13341 -0.706004 -1.56912 -5.42661 -2.85134 -5.48782 
0.955973 -0.418511 -0.749225 -3.35437 -4.09468 -2.98145 
0.676067 -0.400487 -1.24974 -2.74434 -2.32551 -4.63914 
1.38155 -0.875581 -1.53971 -6.61121 -4.99095 -4.26864 
0.352407 -0.0715078 -1.3095 -1.01924 -1.39577 -5.0281 
1.27782 -0.807909 -1.04194 -5.75786 -4.09465 -2.98845 
0.709596 -0.425704 -1.18878 -3.1239 -3.63675 -4.26364 
0.711453 -0.412862 -0.881487 -2.82985 -1.39066 -2.73176 
1.30252 -0.615233 -0.742904 -5.79526 -3.70768 -2.37387 
0.443673 -0.202612 -0.707033 -1.51612 -2.05376 -2.76338 
1.06224 -0.666223 -1.6256 -5.17168 -2.81165 -5.32805 
0.832683 -0.260624 -0.588827 -2.16331 -3.25542 -2.56568 
0.659131 -0.347984 -1.33039 -2.31387 -1.93202 -5.01176 
1.23211 -0.519602 -1.06681 -5.09336 -4.51383 -3.76594 
0.520485 0.0422863 -0.385372 -1.35808 -1.9319 -1.8569 
1.29005 -0.833215 -1.26256 -6.66111 -2.62145 -3.8645 
0.715928 -0.281898 -0.836702 -3.55971 -2.55856 -4.18311 
0.768454 -0.630566 -0.964678 -3.82718 -1.37238 -3.15372 
1.18973 -0.472516 -1.20372 -5.65923 -3.03618 -4.05367 
0.498729 -0.256588 -0.628951 -1.6398 -2.86323 -2.61881 
1.11419 -0.765417 -1.23586 -5.90183 -4.99315 -4.91745 
0.747809 -0.426427 -1.23212 -2.81116 -3.80739 -4.71356 
0.622225 -0.389554 -1.46737 -2.76971 -1.5857 -5.13615 
1.362 -0.837527 -0.826877 -6.49913 -4.63702 -2.79262 
0.499497 -0.193941 -0.712527 -1.152 -2.57809 -3.29553 
1.14736 -0.633352 -1.62288 -5.4229 -2.9607 -5.10818 
0.836921 -0.430248 -0.6649 -2.75413 -3.86774 -2.23174 
0.768074 -0.448418 -0.783624 -2.62843 -2.71102 -2.51527 
1.16765 -0.564972 -1.26267 -4.59375 -4.56734 -3.88031 
0.310106 -0.0844972 -0.929008 0.306609 -2.1683 -3.64518 
1.25433 -0.691458 -1.04215 -5.69872 -3.60849 -3.15127 
0.672308 -0.215634 -1.11343 -1.95858 -3.02258 -4.67652 
0.732185 -0.411654 -1.36978 -2.49638 -2.48451 -5.0015 
1.34856 -0.787933 -0.944568 -5.6551 -4.76683 -2.93148 
0.518293 -0.226249 -0.764332 -1.24178 -2.87785 -2.60294 
1.25805 -0.756998 -1.06028 -5.66339 -4.23932 -2.91319 
0.7798 -0.356307 -0.630551 -2.72943 -3.41171 -2.77227 
0.634502 -0.395972 -1.23607 -3.4633 -1.26137 -5.32269 
1.17054 -0.750623 -1.42942 -5.49227 -3.92438 -4.97318 
0.520059 -0.326923 -0.963792 -1.73392 -1.82034 -3.17132 
1.33197 -0.798073 -1.08365 -5.60104 -4.36435 -3.28834 
0.901291 -0.452644 -0.983978 -3.76112 -4.14957 -3.16474 
0.679814 -0.423946 -1.38871 -2.45211 -2.6031 -4.91832 
1.29638 -0.817915 -0.942371 -5.71606 -4.25847 -2.70061 
0.534515 -0.278948 -0.806316 -1.77864 -3.08843 -2.89313 
1.17677 -0.606015 -1.2669 -3.76099 -4.23872 -4.25837 
0.46153 -0.407846 -1.03126 -2.86218 -3.31366 -3.97406 
0.817814 -0.436981 -0.820507 -3.00092 -2.76871 -2.36096 
0.955657 -0.771848 -1.32678 -5.79456 -3.2373 -4.37054 
0.233867 -0.254403 -1.23059 -1.45384 -2.24546 -4.63337 
1.16772 -0.810827 -1.10233 -6.18559 -4.17999 -3.19806 
0.478404 -0.457777 -0.834214 -3.27843 -3.32328 -3.62109 
0.712704 -0.442996 -1.32461 -2.8987 -2.60618 -4.32152 
1.2401 -0.727694 -1.06476 -5.48416 -4.51031 -3.36784 
0.412158 -0.305754 -0.670477 -1.69907 -1.70862 -2.9098 
1.16848 -0.954513 -0.546859 -6.95618 -4.78643 -1.75183 
0.657214 -0.536415 -0.151104 -3.58708 -4.45478 -1.0747 
0.922403 -0.535344 -0.877596 -3.93519 -2.07249 -2.27364 
1.18599 -0.721916 -1.23615 -5.54517 -4.87774 -5.00276 
0.481902 -0.225518 -0.744819 -1.338 -2.59425 -2.60469 
1.25557 -0.771788 -0.961265 -6.07521 -3.15371 -2.77853 
0.777708 -0.335099 -0.470441 -2.82113 -3.64067 -2.26772 
0.799869 -0.446533 -0.630738 -3.05906 -2.76284 -2.76663 
1.16759 -0.661243 -0.708987 -5.18287 -3.87338 -2.7464 
0.534504 -0.252202 -0.688561 -1.6166 -1.96488 -2.84273 
1.18747 -0.781609 -1.38868 -5.79161 -4.07771 -4.74908 
0.883475 -0.506099 -0.830539 -4.08443 -4.63545 -3.25535 
0.692765 -0.423601 -0.827213 -3.00051 -1.45469 -3.11585 
1.11415 -0.679578 -1.37178 -5.37932 -4.1565 -5.06047 
0.449283 -0.191735 -1.21554 -0.796672 -3.12322 -5.10683 
1.20419 -0.709067 -1.505 -5.46321 -4.02134 -4.81569 
0.622926 -0.331468 -1.03565 -2.21674 -3.18601 -4.52211 
0.660067 -0.412653 -1.24939 -2.59911 -2.59974 -4.56076 
1.23723 -0.766235 -0.726167 -6.04678 -4.51744 -2.43054 
0.480196 -0.24744 -0.767316 -1.68634 -2.82737 -2.9001 
1.30923 -0.724038 -0.90069 -5.69448 -4.41918 -2.48884 
0.692319 -0.331978 -1.16886 -2.44754 -3.49329 -4.27674 
0.888718 -0.436264 -0.728192 -3.0133 -3.06152 -2.83249 
1.15155 -0.67882 -1.43199 -5.16425 -4.01403 -5.28169 
0.528042 -0.317033 -1.02877 -2.86468 -2.05829 -3.91585 
1.1876 -0.736546 -1.48975 -5.51537 -3.10184 -5.27209 
0.764414 -0.392633 -1.07462 -2.72133 -3.59155 -4.51587 
0.853879 -0.476281 -1.01751 -3.23905 -2.1216 -2.70944 
1.25923 -0.796189 -1.0639 -5.79019 -3.67491 -3.28939 
0.34216 -0.187326 -1.27498 -0.851753 -1.54912 -5.32473 
1.2741 -0.763693 -0.979455 -5.92307 -3.70572 -2.62447 
0.676594 -0.384932 -1.211 -2.54675 -3.51178 -4.56689 
0.965658 -0.579976 -0.66302 -3.24693 -3.11351 -2.00013 
1.32018 -0.902844 -1.27873 -7.74021 -4.5295 -3.39297 
0.634445 -0.212367 -0.909168 0.00672725 -4.40278 -3.41905 
1.31235 -0.924723 -1.00504 -6.68155 -2.64975 -3.21545 
1.00719 -0.544595 -0.808881 -2.28553 -4.1925 -2.96602 
0.874863 -0.505741 -0.650216 -2.99642 -2.33127 -2.76434 
1.57492 -0.912493 -1.16757 -4.93317 -5.12352 -3.80791 
0.631052 -0.262188 -0.492671 -0.727939 -2.46732 -2.57528 
1.43755 -0.886543 -1.57795 -6.36382 -5.26822 -4.18893 
1.24257 -0.651787 -0.400874 -2.44513 -4.49989 -0.835701 
1.15743 -0.662546 -1.39066 -4.3136 -5.11983 -2.94113 
1.29164 -0.75396 -0.885758 -5.87086 -4.05283 -2.94248 
0.870941 -0.446945 -0.964725 -0.911414 -4.46931 -3.02139 
1.29086 -0.772715 -0.843202 -6.09164 -3.7297 -2.56936 
1.08374 -0.649934 -0.688848 -2.29121 -4.9923 -2.44624 
0.746586 -0.442747 -1.42563 -3.11799 -2.56877 -4.76177 
1.04489 -0.595814 -1.56824 -4.6384 -3.27992 -5.41775 
0.429319 -0.199547 -1.42707 -1.15719 -2.21149 -4.99916 
1.25865 -0.77826 -1.4098 -5.78364 -3.63795 -4.97913 
0.890276 -0.482395 -0.588681 -3.08161 -4.29288 -2.31499 
0.804358 -0.497063 -1.38638 -2.919 -3.3365 -4.61237 
1.20764 -0.731971 -1.42897 -5.17256 -4.52714 -4.90002 
0.505534 -0.263952 -1.21313 -0.91886 -3.2587 -4.80014 
1.26182 -0.937191 -1.07106 -6.42109 -2.78943 -1.99004 
0.573271 -0.25547 -0.575402 -1.21662 -2.93359 -3.08663 
0.869461 -0.489244 -0.800036 -3.54372 -3.18943 -2.20784 
1.2042 -0.664232 -0.943744 -5.09639 -4.30122 -2.93786 
0.374322 -0.0859793 -1.19581 -0.575617 -2.44699 -5.19415 
1.16497 -0.664853 -1.4469 -5.62102 -3.41656 -4.90401 
0.659202 -0.331995 -0.973368 -2.12109 -3.58788 -4.07829 
0.887057 -0.47695 -0.667292 -3.47546 -3.03614 -2.53404 
1.09627 -0.626957 -1.4137 -5.05701 -3.81577 -5.43852 
0.259469 0.112336 -0.594856 -0.229254 -0.637209 -3.48922 
1.27729 -0.770178 -1.50534 -5.62966 -4.07344 -4.81362 
0.639166 -0.363122 -1.14746 -2.62468 -3.28787 -4.04721 
0.923607 -0.524907 -1.43737 -3.75719 -3.30896 -3.92548 
1.25511 -0.694123 -1.04257 -5.60844 -4.17266 -3.1491 
0.644448 -0.34415 -0.935864 -4.02576 -2.05669 -4.38564 
1.09232 -0.638334 -0.834615 -5.56569 -2.87123 -3.78742 
0.763555 -0.324268 -0.509858 -2.31896 -3.31333 -2.34011 
0.872408 -0.550174 -0.763858 -3.58716 -2.87619 -2.43611 
1.02767 -0.268481 -0.630289 -4.51377 -1.75218 -3.09943 
0.338519 -0.146636 -1.36991 -1.03655 -1.67115 -5.16132 
1.34324 -0.597461 -0.800749 -5.04801 -4.33819 -2.2929 
0.424461 -0.238313 -0.963589 -1.94018 -2.57209 -3.17056 
0.78509 -0.525723 -1.40545 -3.30204 -2.7164 -4.60697 
1.0865 -0.413597 -1.28124 -4.85013 -3.05893 -4.0432 
0.55352 -0.0428981 -0.943683 -2.29877 -1.65475 -3.42902 
1.3162 -0.682287 -0.627798 -6.74248 -2.82693 -2.53841 
0.586927 -0.000556658 -0.827982 -2.26925 -1.85594 -3.52776 
0.783741 -0.505755 -1.17483 -3.29588 -3.251 -4.79365 
1.22224 -0.738056 -0.960761 -5.54534 -4.64247 -2.62413 
0.432798 -0.221171 -1.33152 -0.858512 -2.46709 -5.08759 
1.34336 -0.763623 -1.00318 -6.15285 -3.99895 -3.07741 
0.623565 -0.0840595 -0.766929 -2.67374 -2.2379 -3.15051 
0.8714 -0.487111 -0.842887 -3.3126 -2.58178 -2.65871 
1.23773 -0.598152 -0.88476 -4.92051 -3.76844 -2.95754 
0.51455 -0.140471 -0.805634 -1.154 -2.25707 -2.98544 
1.21936 -0.694563 -1.48343 -5.70137 -3.30606 -4.67192 
0.66044 -0.332764 -1.22931 -2.01198 -3.30605 -4.49447 
0.851839 -0.476746 -0.850089 -3.46238 -2.46326 -3.41451 
1.23795 -0.732171 -1.54042 -5.82634 -4.72139 -4.42793 
0.41346 -0.251534 -1.35084 -1.25286 -2.21943 -5.08055 
1.44537 -0.886555 -1.16488 -7.5591 -3.97073 -3.7248 
0.763774 -0.36723 -0.582519 -2.57694 -3.56147 -1.79338 
0.818682 -0.522685 -1.23093 -3.50952 -2.52991 -4.63626 
1.27369 -0.726504 -0.941898 -5.70251 -4.70459 -2.70619 
0.479372 -0.22368 -0.787524 -1.64877 -2.14529 -3.05325 
1.16864 -0.620476 -0.963209 -4.82338 -3.60194 -3.01592 
0.710355 -0.314841 -0.605102 -2.24926 -3.12886 -2.17267 
0.852783 -0.496147 -0.788365 -3.47195 -2.27338 -3.04444 
1.2016 -0.683381 -0.886244 -5.53621 -4.08757 -3.02012 
0.396913 -0.244924 -1.09633 -1.00191 -3.34397 -4.73726 
1.29342 -0.840675 -1.34556 -6.2768 -4.01496 -4.30119 
0.461267 -0.30037 -1.05017 -2.21157 -2.47078 -4.06175 
1.00663 -0.677017 -1.22268 -5.45153 -3.43846 -3.71718 
1.1192 -0.740671 -1.56554 -5.20214 -3.50558 -5.02819 
0.408226 -0.202095 -0.728469 -1.50481 -1.71653 -2.98646 
1.08375 -0.653468 -1.12285 -4.56914 -3.21898 -3.43963 
1.13391 -0.756008 -0.463039 -3.37397 -4.00699 -1.18798 
0.907028 -0.529165 -0.823173 -3.5743 -2.90862 -2.58229 
0.919339 -0.757747 -1.01967 -5.71392 -4.98335 -4.562 
0.39174 -0.15692 -1.31347 -1.11099 -1.98358 -5.32221 
0.964825 -0.834323 -0.727627 -4.99786 -4.16494 -2.41209 
0.659693 -0.290974 -0.836398 -1.76949 -3.9008 -3.95155 
0.522768 -0.435138 -0.80974 -2.06883 -2.97677 -3.10416 
0.957033 -0.757159 -1.286 -5.49476 -4.61617 -4.07101 
0.236263 -0.147554 -0.656393 -0.389857 -2.48998 -3.44677 
1.16648 -0.766398 -1.5023 -6.12233 -2.84577 -4.58415 
0.674619 -0.525283 -0.519568 -3.62249 -3.65385 -3.1427 
0.97924 -0.556551 -0.556623 -3.54895 -5.05316 -2.91978 
1.37836 -0.811728 -1.32628 -6.55455 -5.03025 -4.30725 
0.4457 -0.290306 -1.36255 -1.92377 -1.90993 -4.31939 
1.23838 -0.832825 -1.44316 -6.43354 -4.19105 -4.35827 
0.566858 -0.257464 -1.11294 -2.08078 -2.56245 -4.59222 
0.869497 -0.464598 -0.768759 -3.39368 -2.3183 -3.05141 
1.0264 -0.689747 -1.41412 -5.31305 -3.56455 -5.42879 
0.311592 -0.252451 -0.897526 -0.599911 -2.56295 -4.23624 
1.32627 -0.730621 -0.88231 -5.84397 -3.70885 -2.64577 
0.748427 -0.357537 -0.448029 -2.19462 -3.77012 -1.89002 
0.885984 -0.49723 -1.07629 -3.80333 -2.31421 -2.77381 
1.06009 -0.568265 -1.23758 -4.70235 -4.7174 -5.23937 
0.497702 -0.171151 -0.70909 -1.22936 -2.20071 -2.99648 
1.39842 -0.856069 -0.721973 -6.51136 -4.53504 -1.97679 
0.589178 -0.332587 -1.05078 -2.00035 -3.23485 -4.06385 
0.763571 -0.473407 -1.40639 -3.41466 -2.59899 -4.76198 
1.07975 -0.681328 -1.56762 -5.27078 -4.02815 -5.25602 
0.553143 -0.224837 -0.884555 -1.34488 -2.53749 -3.04186 
1.32725 -0.751833 -0.900405 -5.86366 -3.77401 -2.48936 
0.656666 -0.241237 -0.491399 -1.79677 -2.81226 -2.49908 
0.870593 -0.488056 -0.924748 -3.42493 -2.64423 -3.09966 
1.06336 -0.585244 -1.47225 -4.47266 -3.44719 -5.5101 
0.483771 -0.203474 -0.825608 -0.986432 -2.11976 -2.97567 
1.39931 -0.815615 -0.87735 -6.15636 -4.50324 -2.03345 
0.729019 -0.346376 -0.542977 -2.33676 -3.41632 -1.72485 
0.923114 -0.518195 -0.91818 -3.72509 -2.76893 -2.41835 
1.1474 -0.652077 -0.929034 -5.44334 -3.70824 -3.46917 
0.763391 -0.402544 -0.893928 -0.729689 -3.38623 -3.79173 
1.30648 -0.799252 -0.995112 -6.57261 -2.64961 -2.32012 
0.586979 -0.270856 -0.96034 -1.84691 -3.4747 -4.76423 
1.15129 -0.709533 -1.10582 -3.19344 -4.1104 -3.517 
1.4317 -0.854958 -1.26441 -4.66532 -5.34103 -3.7898 
0.537325 -0.297822 -0.785471 -1.56778 -2.66422 -2.74551 
1.69383 -1.0408 -0.596441 -6.38981 -5.51797 -0.857353 
0.915674 -0.47041 -0.324857 -2.04648 -4.37005 -1.07369 
1.03933 -0.627005 -1.28719 -3.3177 -3.46858 -4.32501 
1.64235 -0.937836 -1.23533 -5.53362 -6.52967 -2.73228 
0.88739 -0.428088 -0.4824 -0.915749 -3.60316 -1.36044 
1.62868 -0.975491 -1.40991 -7.48168 -5.70343 -2.85047 
0.397164 -0.133521 -0.753399 -0.225884 -2.2913 -3.5195 
0.92393 -0.537112 -0.749187 -3.73428 -2.56413 -2.97335 
1.15166 -0.700349 -1.46944 -5.29355 -4.13767 -5.12171 
0.448956 -0.271105 -1.25267 -1.37989 -2.29554 -4.9439 
1.36422 -0.789536 -1.05854 -5.98414 -2.81823 -2.84552 
0.69512 -0.326774 -0.510273 -1.99688 -3.46028 -2.33608 
0.836853 -0.556577 -1.50446 -3.71251 -2.77956 -4.81769 
1.32424 -0.822325 -1.32114 -6.71549 -4.88937 -3.77405 
0.414129 -0.21096 -1.34929 -0.900889 -2.42154 -4.93336 
1.3622 -0.95847 -1.09778 -7.32724 -3.44939 -2.74199 
0.678316 -0.315941 -0.566708 -1.81819 -3.18126 -2.17754 
0.888729 -0.578373 -0.825981 -3.97354 -2.22398 -2.88057 
1.19001 -0.692776 -0.771859 -4.8355 -3.81838 -3.19047 
0.45241 -0.253112 -1.31478 -0.839736 -2.69918 -5.31464 
1.25766 -0.778469 -1.34957 -5.89446 -3.81382 -4.76025 
0.764287 -0.368156 -0.350645 -2.48084 -4.10277 -1.82723 
1.05284 -0.615053 -0.8251 -3.69139 -4.13964 -2.65331 
1.06539 -0.692846 -1.45123 -4.90815 -4.30196 -5.19624 
0.517418 -0.226662 -0.785898 -1.35203 -2.93545 -2.82613 
1.43508 -0.897491 -0.78176 -6.65896 -4.56378 -2.1168 
0.654776 -0.24314 -0.472264 -2.02586 -3.29592 -2.49929 
0.996774 -0.582043 -0.766468 -3.80556 -3.61737 -2.66379 
1.11527 -0.632505 -0.891999 -4.88771 -3.76496 -3.62747 
0.478988 -0.161459 -0.70981 -1.27566 -2.27652 -3.07146 
1.37771 -0.762103 -0.783627 -6.26341 -4.25128 -2.43078 
0.731466 -0.416461 -1.0263 -2.53652 -4.19626 -3.45749 
0.987372 -0.452141 -0.646334 -4.10197 -2.83627 -2.46887 
1.16866 -0.645084 -1.02264 -4.97265 -4.34734 -3.07696 
0.430087 -0.218693 -1.23436 -1.1684 -2.13068 -5.10308 
1.34784 -0.888099 -1.25545 -6.46498 -3.51975 -3.02825 
0.604997 -0.300595 -1.01394 -2.02759 -3.20942 -4.30057 
0.818613 -0.354252 -0.996114 -2.39052 -2.36614 -4.54024 
1.09718 -0.58169 -0.574362 -6.74307 -2.64328 -3.07373 
0.469249 0.0118019 -0.430785 -1.3134 -1.3673 -2.52767 
1.46612 -0.592068 -0.975499 -7.41311 -3.97245 -2.49595 
0.664551 -0.0805699 -0.164541 -1.91648 -2.62833 -0.975375 
0.883158 -0.516354 -0.864092 -4.24682 -2.3336 -2.87899 
1.06329 -0.3339 -0.622328 -4.91748 -2.69995 -2.18355 
0.458688 -0.169331 -0.691511 -1.64229 -1.71349 -3.22493 
1.40867 -0.71883 -0.798625 -6.54834 -4.14066 -2.05545 
0.620689 -0.448024 -0.748952 -3.24512 -2.06425 -2.96702 
0.851464 -0.438604 -1.41012 -3.32906 -2.20329 -5.22577 
1.15381 -0.552405 -0.589568 -6.14636 -3.24578 -2.62251 
0.477333 -0.159208 -0.730949 -1.47618 -1.76996 -3.29683 
1.2365 -0.787322 -1.38498 -6.37419 -3.43896 -4.45006 
0.692227 -0.28276 -0.411391 -2.05638 -3.13425 -2.2049 
0.747046 -0.41269 -0.931198 -2.83508 -1.35594 -3.86191 
1.11311 -0.528876 -0.945659 -4.4777 -3.78563 -3.2512 
0.498537 -0.128222 -0.750289 -0.860763 -1.78416 -3.29956 
1.41503 -0.75986 -0.742527 -6.04089 -3.97689 -2.21403 
0.776791 -0.441519 -0.827529 -3.67157 -3.63625 -3.03331 
0.887247 -0.564275 -1.27129 -4.09804 -2.87297 -4.77876 
1.15167 -0.676935 -0.866051 -5.05724 -4.65857 -2.86859 
0.412469 -0.23246 -1.39107 -1.24594 -2.53242 -5.22631 
1.43397 -0.957242 -0.98168 -7.22874 -3.68547 -2.76357 
0.607508 -0.260775 -1.0728 -1.46321 -3.4274 -4.37173 
0.957084 -0.581844 -0.942459 -4.33247 -3.20577 -2.86165 
1.13287 -0.603441 -0.945729 -4.71607 -4.25927 -3.16729 
0.324127 0.00652205 -1.1524 0.423461 -2.41614 -4.75501 
1.27366 -0.746827 -1.44594 -5.92069 -3.67845 -4.74974 
0.637949 -0.252967 -0.449989 -1.97357 -3.1291 -2.19877 
0.974019 -0.691958 -1.14542 -5.20857 -2.04867 -3.80739 
0.993238 -0.629909 -1.43573 -4.62202 -3.81722 -5.65706 
0.414139 -0.187499 -1.33532 -0.758247 -1.80149 -5.54606 
1.34676 -0.850971 -1.36646 -6.34941 -4.21086 -4.45062 
0.641812 -0.336811 -0.432154 -2.04801 -3.25347 -2.26899 
0.906669 -0.580665 -1.33401 -3.98681 -4.11016 -5.14285 
1.16836 -0.625053 -0.903659 -4.85523 -4.71441 -2.79322 
0.501562 -0.213906 -0.824958 -1.05304 -2.22465 -2.89957 
1.37784 -0.803966 -0.763854 -6.51645 -4.36401 -2.35314 
0.640507 -0.232104 -0.42989 -1.52427 -3.08684 -2.1296 
0.660293 -0.684082 -1.26686 -4.34376 -2.96836 -4.1483 
1.04849 -0.581839 -1.23762 -4.02655 -5.20539 -5.16166 
0.234802 -0.139433 -0.640209 -0.552332 -0.737271 -3.91038 
1.16551 -0.892726 -0.544238 -6.908 -4.97171 -1.53011 
0.356745 -0.262622 -0.812563 -1.64599 -3.13775 -3.48903 
0.922747 -0.620083 -0.909445 -4.44651 -2.29842 -3.46994 
0.886156 -0.771663 -0.53346 -5.47381 -4.18489 -2.44184 
0.377592 0.118866 -0.800338 -0.969191 -1.79943 -4.67004 
1.41603 -0.805584 -0.817834 -6.20922 -4.78832 -1.8919 
0.660967 -0.264815 -0.408892 -1.40264 -3.5124 -1.90259 
0.621099 -0.662532 -1.21431 -4.63933 -2.72908 -4.76185 
0.743415 -0.696617 -1.09893 -5.09131 -4.19355 -4.77689 
0.638455 -0.380272 -1.10687 -2.83478 -2.59143 -3.9025 
1.09646 -0.834402 -0.944432 -6.3185 -4.72624 -2.83503 
0.588057 -0.269513 -1.05246 -1.72763 -3.05697 -4.2979 
0.867795 -0.512736 -1.48732 -3.99459 -2.53837 -5.12921 
1.0628 -0.645161 -0.861281 -4.84686 -4.13239 -2.41537 
0.306725 -0.252025 -1.21104 -1.23732 -2.06207 -4.64216 
1.1813 -0.777552 -1.3232 -6.52202 -3.47739 -4.07817 
0.676851 -0.343308 -0.906011 -2.19504 -4.06298 -3.10248 
0.992677 -0.557632 -0.964877 -4.19129 -2.55622 -3.24391 
1.06094 -0.581328 -0.944571 -4.67516 -3.6445 -3.09202 
0.451492 -0.230005 -1.292 -0.807478 -2.26332 -5.01916 
1.23717 -0.559178 -1.30048 -4.78505 -3.62276 -3.88219 
0.501136 -0.212481 -0.493813 -1.05171 -2.44142 -2.72273 
0.940262 -0.548733 -1.00222 -4.01854 -2.55777 -3.08494 
1.13658 -0.665986 -0.866739 -4.66323 -4.38398 -2.94641 
0.414158 -0.229157 -1.23376 -1.01186 -2.03248 -5.02635 
1.39687 -0.8582 -0.939329 -6.73622 -4.66739 -2.39617 
0.586845 -0.240901 -0.682491 -1.667 -2.0991 -2.24151 
0.923125 -0.56408 -1.52267 -4.09791 -2.61527 -4.74316 
0.919056 -0.546005 -1.31376 -4.4278 -3.5689 -5.1508 
0.582674 -0.390754 -1.1812 -3.20901 -2.32214 -3.58401 
1.41536 -0.846158 -0.819379 -6.5612 -4.58621 -2.03909 
0.623081 -0.283228 -0.473895 -1.82729 -2.72101 -2.64757 
0.976245 -0.629093 -0.73166 -6.67238 -0.732839 -3.34825 
1.52321 -0.85994 -0.542772 -4.29587 -5.83717 -1.33096 
0.882788 -0.455866 -1.12049 -1.72006 -4.11551 -3.14788 
1.53988 -0.96615 -1.43441 -7.40705 -5.41876 -3.37356 
0.586544 -0.208672 -0.85447 -1.47456 -3.73166 -3.87784 
1.28945 -0.701026 -0.683029 -3.60852 -3.7936 -2.00131 
0.972637 -0.576563 -1.42993 -4.61985 -3.52171 -5.13289 
0.702415 -0.425146 -0.767636 -1.82437 -1.69665 -2.90054 
1.3958 -0.792469 -0.89974 -6.44681 -3.98998 -2.41165 
0.535559 -0.216288 -1.07275 -1.28642 -2.44452 -4.45154 
1.52445 -0.947106 -1.25619 -4.80657 -5.50733 -2.8785 
1.35905 -0.82815 -0.645464 -4.60811 -4.79831 -1.99291 
0.624247 -0.26399 -0.765558 -1.5971 -2.57321 -2.7571 
1.39382 -0.765834 -0.939548 -4.34063 -4.48981 -2.41157 
0.762222 -0.358982 -0.771437 -0.576725 -3.1952 -3.21006 
1.00289 -0.754963 -1.32408 -6.45577 -2.21942 -4.226 
1.08227 -0.598906 -1.12577 -4.35297 -4.90328 -3.66546 
0.589919 -0.348065 -0.745406 -1.98965 -2.65403 -2.59761 
1.54262 -0.939283 -0.764315 -6.82569 -5.13726 -2.27072 
0.556108 -0.291284 -1.0127 -1.42112 -3.10504 -4.14934 
1.0308 -0.669252 -1.44555 -4.64882 -3.54164 -4.67091 
1.01002 -0.639499 -1.33162 -4.79345 -3.97176 -4.9151 
0.559634 -0.348626 -0.67054 -1.33998 -2.58861 -2.83639 
1.47523 -0.938828 -0.781468 -6.37548 -4.60969 -2.04024 
0.500177 -0.180112 -0.828738 -0.96207 -3.90376 -3.19873 
1.02825 -0.623666 -0.942081 -4.59954 -3.62449 -2.78401 
1.11635 -0.595358 -0.667252 -4.45583 -5.13536 -2.37456 
0.573393 -0.378212 -0.848775 -2.05666 -2.11752 -3.26112 
1.43648 -0.902606 -1.26208 -6.57341 -4.79514 -3.63161 
0.589064 -0.263228 -0.354961 -1.48672 -2.88498 -2.3632 
1.04867 -0.654663 -0.843484 -4.46844 -3.79413 -2.5701 
0.990352 -0.562384 -0.731242 -4.44458 -4.01296 -3.04599 
0.410341 -0.166599 -1.2354 -1.06653 -2.02428 -5.25868 
1.43203 -0.793707 -0.824847 -6.35634 -4.51148 -2.65057 
0.583089 -0.284323 -0.486553 -2.36666 -2.91839 -1.95964 
0.921898 -0.63338 -1.31132 -4.63322 -4.49835 -4.76062 
1.09865 -0.562661 -0.748583 -4.25214 -4.54495 -2.82104 
0.533464 -0.233357 -0.705073 -1.61171 -2.40185 -2.53742 
1.39929 -0.836372 -0.800861 -6.28338 -4.61457 -2.11824 
0.624569 -0.417073 -0.783223 -2.5242 -4.28028 -2.35271 
0.883703 -0.501416 -1.44912 -4.14639 -2.50862 -5.21249 
0.949517 -0.377797 -1.34508 -3.95892 -3.36632 -4.55977 
0.393944 -0.197327 -1.44826 -1.13456 -1.50183 -5.22389 
1.47591 -0.762673 -1.21326 -7.35869 -4.38215 -2.82118 
0.429073 -0.0426714 -0.76142 -0.112331 -0.894786 -2.55002 
1.12884 -0.769173 -1.34349 -6.35319 -3.60031 -4.14843 
1.04498 -0.546946 -0.943971 -4.24624 -2.81094 -3.09867 
0.614232 -0.0522713 -0.506802 -1.40443 -2.29613 -2.28765 
1.38017 -0.820923 -0.962019 -6.39555 -3.14568 -2.85606 
0.656921 -0.139337 -0.422784 -1.07719 -3.39929 -1.45894 
1.04692 -0.339693 -0.797249 -4.83358 -1.30898 -2.31203 
0.957283 -0.549531 -1.44978 -4.13131 -4.24738 -5.12999 
0.467253 -0.265124 -1.17448 -1.24417 -3.45876 -4.80211 
1.31193 -0.81011 -1.36264 -5.98815 -4.19973 -4.07544 
0.503641 0.137601 -0.884148 1.49835 -2.3346 -3.23242 
1.06827 -0.643974 -0.630775 -6.3538 -2.27338 -2.83288 
0.991475 -0.541335 -0.943086 -4.20428 -3.61012 -2.94185 
0.499371 -0.293995 -0.825649 -1.85795 -1.62957 -2.96772 
1.3807 -0.847527 -0.548145 -8.61862 -3.28956 -2.22955 
0.480449 -0.186293 -1.14775 -1.3093 -2.37647 -4.21262 
0.90556 -0.575479 -1.64478 -4.16067 -2.51487 -5.32812 
1.24473 -0.645638 -0.838464 -4.34793 -4.91022 -4.01772 
0.610616 -0.335821 -0.905046 -1.59058 -1.98632 -3.10891 
1.23302 -0.695186 -1.10128 -3.98689 -3.86066 -3.14415 
0.660589 -0.327461 -0.585522 -1.88417 -3.32224 -2.09611 
0.978547 -0.657998 -1.52564 -4.45945 -2.92452 -4.96222 
0.801329 -0.49298 -1.03099 -3.22447 -3.10208 -3.98603 
0.450239 -0.312349 -1.38974 -1.51699 -1.99364 -5.07123 
1.32876 -0.77867 -1.4226 -5.90868 -4.12726 -4.29771 
0.693187 -0.264259 -0.584932 -1.83396 -3.34832 -2.10403 
1.04573 -0.605978 -1.18033 -4.59432 -1.70004 -3.51436 
0.884323 -0.485112 -1.45116 -3.94286 -3.44954 -5.36211 
0.554766 -0.221195 -0.671391 -1.10997 -2.03096 -3.07766 
1.41618 -0.826787 -0.87677 -6.33587 -4.78885 -1.95623 
0.446164 -0.202928 -0.591169 -1.19713 -2.24507 -2.78146 
0.976665 -0.636343 -1.49031 -4.54527 -2.789 -5.34837 
1.00725 -0.531475 -0.851501 -4.3672 -3.94534 -3.48603 
0.557119 -0.368874 -0.705475 -1.78473 -2.51037 -2.44958 
1.36387 -0.834671 -0.804993 -6.26467 -4.02627 -2.57219 
0.668483 -0.423904 -0.964523 -3.75778 -3.62128 -3.15872 
1.17879 -0.538255 -0.853142 -3.03526 -3.67389 -3.65122 
0.833884 -0.538113 -1.42868 -3.92848 -3.44254 -4.97922 
0.4351 -0.129261 -1.0711 0.0186957 -0.92954 -4.38748 
1.43709 -0.8548 -1.01861 -6.17916 -3.86056 -2.6183 
0.353815 -0.0368812 -0.773558 -0.503774 -3.7973 -3.59207 
1.08389 -0.671483 -1.08022 -4.67701 -2.71513 -3.06763 
0.75236 -0.564017 -1.2626 -3.20292 -2.06406 -3.86917 
0.533422 -0.29658 -0.516625 -1.99815 -2.86293 -3.01201 
1.48526 -0.981492 -1.21946 -7.60476 -6.62165 -3.0941 
0.532109 -0.19372 -0.566023 -1.48528 -3.07707 -2.18168 
0.786533 -0.499829 -1.09012 -2.93449 -2.08313 -4.13146 
0.598378 -0.613202 -1.09299 -4.88268 -3.52843 -4.25016 
0.365238 -0.115446 -0.895028 0.324124 -2.36343 -4.10432 
1.22133 -0.758696 -1.48415 -5.87314 -3.6748 -4.66411 
0.660219 -0.344936 -0.78365 -2.09067 -2.27361 -2.59732 
1.06309 -0.619356 -0.967401 -4.68577 -2.77715 -3.46689 
0.904115 -0.577777 -1.33347 -4.29158 -3.53499 -5.14442 
0.444063 -0.166664 -1.23757 -1.29031 -2.22651 -5.48608 
1.23708 -0.726173 -1.38701 -5.89829 -3.64452 -4.68306 
0.551701 -0.203191 -0.548178 -1.33 -2.94191 -2.33703 
0.940003 -0.573403 -1.47043 -4.26655 -2.52011 -5.35688 
0.776874 -0.504985 -1.33132 -4.15082 -2.97302 -4.99513 
0.516952 -0.328914 -0.727511 -2.07686 -2.71378 -2.74881 
1.36011 -0.959068 -0.904421 -7.55196 -3.9159 -2.76922 
0.426393 -0.262261 -1.08984 -1.86762 -2.9583 -4.1319 
0.989937 -0.577855 -0.84511 -4.63971 -2.71104 -2.88001 
0.812323 -0.483985 -1.3498 -4.03099 -3.07009 -4.92056 
0.450057 -0.311709 -1.24988 -1.51611 -2.10619 -4.63816 
1.39611 -0.878006 -0.940013 -6.963 -4.47047 -2.47003 
0.427973 -0.218242 -0.997759 -1.38713 -2.47098 -4.68332 
1.09763 -0.621278 -0.980394 -4.81346 -3.42478 -2.7826 
0.920869 -0.528563 -1.4897 -4.10442 -3.97382 -5.27617 
0.518512 -0.269163 -1.4264 -1.59343 -1.98503 -4.92204 
1.3905 -0.876725 -1.33292 -7.7008 -3.66047 -3.09178 
0.44628 -0.291667 -1.18875 -1.82913 -2.45694 -4.34423 
1.0953 -0.6596 -1.00308 -5.36596 -2.7161 -3.15516 
0.848091 -0.50568 -1.4928 -4.16636 -3.16559 -5.65496 
0.680129 -0.353682 -0.961276 -1.92578 -1.66005 -2.95162 
1.72915 -0.975897 -0.578585 -6.00481 -5.12329 -1.09785 
1.08475 -0.684489 -0.46144 -2.39256 -3.91731 -1.04352 
1.4153 -0.857236 -0.720655 -4.4674 -4.45434 -1.7565 
1.34999 -0.760904 -1.23951 -5.27795 -7.42214 -3.1824 
0.604776 -0.271871 -0.706418 -1.85678 -2.07482 -2.68982 
1.27476 -0.809237 -1.4099 -6.18993 -3.72664 -4.97577 
0.68622 -0.404613 -1.00551 -1.48172 -3.49127 -3.31319 
1.25315 -0.771127 -1.3833 -4.22766 -4.10832 -4.15315 
1.25679 -0.588346 -0.886327 -2.49246 -5.75699 -2.88253 
0.882572 -0.487612 -0.581038 -1.91837 -2.94333 -1.56639 
1.63837 -0.92394 -0.56245 -5.88955 -4.71003 -1.48022 
0.761462 -0.359601 -0.874793 -0.6864 -3.13453 -3.87533 
1.33925 -0.790572 -0.97956 -4.68973 -2.78761 -2.63255 
1.10162 -0.624352 -0.748985 -4.29969 -4.36055 -2.81599 
0.502607 -0.321574 -1.3309 -1.69239 -2.11521 -5.00588 
1.35564 -0.787966 -0.906201 -4.79239 -4.68294 -2.94041 
0.606016 -0.256119 -0.545048 -1.5528 -3.444 -1.95477 
1.06681 -0.663186 -1.021 -4.51804 -3.16956 -2.9238 
0.872116 -0.580495 -1.37046 -3.86936 -3.84417 -4.90942 
0.483062 -0.311777 -1.37024 -1.84502 -2.12725 -5.07484 
1.32472 -0.792933 -0.86107 -6.43607 -3.80623 -2.4141 
0.499652 -0.234234 -0.666571 -1.39513 -2.44323 -2.54169 
1.06747 -0.689253 -1.54746 -4.66591 -3.32934 -5.18621 
1.04212 -0.720243 -1.14292 -5.72246 -4.13289 -3.42136 
0.611192 -0.336893 -0.724587 -1.49405 -2.53595 -2.45346 
1.22316 -0.818773 -1.26716 -6.02323 -3.52774 -4.23798 
0.588381 -0.288505 -0.566944 -1.74461 -3.57892 -2.17345 
0.976141 -0.596907 -1.31486 -4.31315 -3.52711 -5.22542 
0.889397 -0.484898 -1.25798 -3.2983 -3.58768 -5.39336 
0.59392 -0.353701 -1.19165 -1.58454 -2.95843 -4.57257 
1.41897 -0.847134 -0.879889 -6.13429 -4.61309 -2.25804 
0.587952 -0.471502 -0.827638 -3.05505 -2.3036 -3.02609 
1.15379 -0.675249 -1.04433 -4.82574 -3.94012 -3.29899 
0.86819 -0.496408 -1.33466 -3.79472 -3.71234 -5.30174 
0.432165 -0.19625 -0.850518 -0.717273 -2.43265 -3.49893 
1.39639 -0.775019 -0.856314 -6.23665 -4.80556 -1.88752 
0.462674 -0.200566 -1.21005 -1.3926 -3.0161 -4.57653 
0.925208 -0.520312 -1.18318 -3.51691 -2.67534 -3.74107 
0.850393 -0.466404 -1.4291 -3.60849 -3.74718 -5.06219 
0.570993 -0.250047 -0.690522 -1.50167 -1.62497 -3.07349 
1.39743 -0.796001 -0.898124 -6.25431 -4.74674 -2.18219 
0.428247 -0.218036 -1.17618 -1.38144 -2.11395 -5.11149 
1.02819 -0.628027 -1.6222 -4.72015 -3.36469 -4.95069 
0.973787 -0.427469 -0.724612 -3.4117 -3.95112 -2.45591 
0.481673 -0.18426 -1.31101 -1.18395 -1.58679 -5.09953 
1.4012 -0.837657 -0.921559 -6.07306 -4.63528 -2.55436 
0.394647 0.111715 -0.814097 -1.12153 -1.21966 -4.14012 
1.02824 -0.606087 -1.68139 -4.58573 -3.00229 -5.09676 
0.8151 -0.403216 -1.1192 -3.11931 -3.83316 -5.11467 
0.654888 -0.158835 -0.758697 -1.50974 -2.6004 -2.16422 
1.21554 -0.672709 -1.34249 -6.00428 -3.40177 -4.16433 
0.533807 -0.170451 -0.218291 -3.2931 -1.18979 -2.54266 
1.05536 -0.470757 -0.898177 -4.65336 -2.39303 -2.50828 
0.783202 -0.0319709 -0.82842 -2.39143 -2.8455 -3.53224 
0.483014 0.0852378 -0.931875 -1.40184 -0.449115 -4.35402 
1.24233 -0.501241 -1.20356 -5.94997 -2.78584 -4.0543 
0.516945 0.00377926 -0.193131 -2.02506 -1.63214 -2.03349 
1.05066 -0.68075 -1.66666 -4.50125 -3.42673 -5.47055 
0.99652 -0.544539 -0.827757 -3.58052 -4.3766 -2.95836 
0.712656 -0.464936 -1.26543 -3.03312 -2.96858 -4.17545 
1.39835 -0.773647 -0.935744 -6.00965 -4.32675 -2.10507 
0.498957 -0.177437 -1.12936 -1.15305 -2.79966 -4.29188 
1.13351 -0.662076 -1.09586 -5.06347 -3.26838 -2.68737 
0.975453 -0.574257 -0.866244 -4.18608 -3.99568 -2.94827 
0.479941 -0.226649 -1.25036 -1.65742 -1.93385 -4.79944 
1.22095 -0.674766 -1.4419 -5.36763 -3.56762 -4.37732 
0.601537 -0.169584 -0.667963 -1.56604 -2.51322 -2.77987 
0.978922 -0.405548 -1.20551 -2.72735 -2.71908 -4.13191 
0.797511 -0.329248 -1.40715 -2.66177 -3.02756 -4.92904 
0.48735 -0.162225 -0.955543 -0.303068 -1.78507 -4.40119 
1.28864 -0.73615 -1.40559 -6.18476 -3.83028 -4.60514 
0.535334 -0.273921 -0.612249 -1.64203 -2.26794 -2.927 
1.13444 -0.702618 -0.966525 -5.20259 -3.18634 -3.30915 
0.950325 -0.626644 -1.16368 -5.46314 -3.66626 -3.65103 
0.556451 -0.291706 -1.25363 -1.41815 -2.75198 -5.02203 
1.38426 -0.847471 -0.821933 -6.02259 -4.58498 -2.2653 
0.606312 -0.276055 -0.661811 -1.66959 -3.0778 -2.01174 
1.23732 -0.769992 -1.49847 -6.161 -4.02062 -4.12978 
0.780231 -0.399014 -0.832434 -2.98278 -3.29361 -3.56977 
0.607518 -0.292641 -0.690262 -1.65849 -2.0213 -2.99409 
1.13612 -0.679935 -0.907449 -4.85014 -2.8244 -3.24706 
0.392727 -0.219125 -1.19564 -1.38081 -2.15003 -5.10617 
1.06427 -0.670572 -1.31254 -4.88429 -4.22711 -4.91713 
0.795777 -0.621237 -1.24251 -4.75053 -3.73874 -3.70763 
0.394215 -0.190285 -0.832373 -0.994677 -1.01985 -3.73179 
1.16973 -0.727528 -1.48399 -5.45819 -3.372 -4.66625 
0.204887 -0.206201 -0.753043 -0.299419 -1.29954 -3.42935 
1.0456 -0.681879 -1.29041 -5.0578 -4.42171 -4.61437 
0.871467 -0.577785 -0.580412 -6.02755 -2.77475 -3.59122 
0.517153 -0.313554 -1.07161 -1.97941 -3.24185 -4.20962 
1.23982 -0.821248 -0.92165 -6.05836 -6.9546 -4.35453 
0.271218 -0.381033 -0.973745 -2.0161 -3.28803 -3.97656 
0.962527 -0.498979 -1.24698 -3.17791 -2.53633 -4.34249 
0.904397 -0.551634 -0.8413 -4.03428 -3.32419 -2.42305 
0.447411 -0.290383 -1.31125 -1.70971 -1.91261 -5.00928 
1.23999 -0.765912 -1.36925 -5.81325 -3.21424 -4.83555 
0.302675 -0.393446 -0.356168 -2.54001 -2.80209 -2.33158 
1.18728 -0.691232 -1.29579 -5.24427 -2.72961 -3.33995 
0.925048 -0.59056 -0.516263 -3.85359 -5.52314 -2.68994 
0.500136 -0.363012 -1.34742 -2.26563 -2.15402 -4.69485 
1.27346 -0.704529 -1.40764 -5.66619 -3.56001 -4.83639 
0.464699 -0.199629 -1.34756 -1.16705 -2.543 -4.78508 
1.18697 -0.646688 -1.1196 -4.97821 -2.35041 -3.22193 
1.01043 -0.489744 -0.710129 -3.68694 -4.09031 -2.90748 
0.660842 -0.304785 -0.76283 -1.74198 -2.59796 -2.45258 
1.22023 -0.737376 -1.38648 -5.85465 -3.72703 -4.60521 
0.479066 -0.366611 -0.692061 -2.61925 -1.78527 -3.12914 
1.08124 -0.712668 -0.965757 -5.25189 -2.86301 -3.2306 
0.888746 -0.603078 -0.887633 -4.12345 -2.96851 -3.16838 
0.585744 -0.262904 -0.511666 -1.91268 -2.62903 -2.56586 
1.3776 -0.867771 -1.06329 -7.00278 -4.18267 -3.20894 
0.534911 -0.399693 -0.598212 -2.50937 -2.53972 -3.36834 
1.17177 -0.681949 -1.06468 -4.86707 -3.17703 -3.45049 
0.996912 -0.583201 -0.889278 -3.81036 -3.62619 -3.32608 
0.518293 -0.267098 -1.2156 -1.58496 -1.83905 -5.18236 
1.38108 -0.721108 -0.78434 -5.58467 -4.28283 -2.51206 
0.517381 -0.22281 -0.649976 -1.32978 -2.30138 -2.84988 
1.51765 -0.899326 -0.821256 -5.28115 -5.00534 -2.11739 
0.870402 -0.0857347 -1.1614 -0.78596 -5.00877 -3.62857 
0.752325 -0.40167 -1.22425 -2.11957 -2.91164 -3.96553 
1.36374 -0.792808 -0.824766 -6.01163 -3.91355 -2.64983 
0.444035 -0.167751 -1.25265 -1.29707 -2.47845 -5.02845 
1.18772 -0.713241 -0.965934 -5.27785 -3.50535 -3.23427 
1.14292 -0.583804 -0.603518 -3.31075 -4.92412 -1.78521 
0.90032 -0.476948 -0.601022 -1.85714 -2.93031 -1.64127 
1.27837 -0.831538 -1.42606 -5.89291 -3.99541 -4.59267 
0.374786 -0.0437156 -1.01116 -0.216759 -2.63544 -4.1669 
1.24741 -0.783754 -0.828068 -4.96012 -3.40123 -2.95088 
1.38433 -0.755877 -0.540665 -3.20693 -5.02784 -1.18734 
0.612187 -0.320213 -0.959129 -1.28267 -2.86926 -4.6137 
1.46962 -0.980677 -1.09678 -7.37618 -4.27913 -2.59171 
0.834685 -0.418826 -0.309192 -0.745842 -3.83116 -1.46016 
1.58349 -0.922756 -0.966009 -6.08295 -5.91152 -1.03136 
1.17485 -0.630426 -1.22072 -4.12735 -5.21535 -3.42566 
0.749207 -0.415386 -0.667085 -2.53531 -2.40815 -2.53657 
1.3264 -0.794097 -0.824847 -6.22878 -4.06086 -2.64637 
0.515606 -0.224918 -0.712631 -1.5583 -2.66678 -3.29217 
1.06201 -0.625109 -1.6046 -4.92459 -2.94428 -5.18383 
0.922283 -0.484472 -1.28989 -3.62589 -3.72962 -4.70767 
0.571018 -0.339727 -1.25177 -2.14087 -2.08046 -4.86793 
1.3298 -0.840645 -1.32849 -6.17647 -4.16973 -4.53275 
0.571628 -0.277634 -0.651534 -1.56515 -3.17417 -2.91951 
1.28718 -0.819037 -1.38077 -6.90079 -3.92421 -3.99327 
0.836932 -0.476133 -1.26939 -3.12695 -3.71408 -4.55655 
0.558498 -0.330194 -1.22903 -1.43281 -2.13259 -4.49474 
1.38063 -0.824217 -0.764753 -6.31425 -4.18912 -2.42819 
0.608179 -0.318948 -0.63175 -1.71395 -3.3203 -2.84421 
1.06668 -0.731953 -1.52998 -5.03249 -3.6219 -5.33422 
0.789433 -0.277916 -0.880104 -1.06609 -3.69431 -4.48626 
0.624148 -0.321964 -0.999519 -2.04615 -1.27145 -2.94655 
1.43488 -0.855194 -0.743458 -6.40446 -4.44534 -2.20345 
0.465031 -0.23596 -0.707709 -1.29025 -2.54793 -2.76016 
1.08074 -0.678692 -1.56286 -5.1453 -3.47674 -4.80525 
0.886579 -0.417905 -0.613789 -3.12294 -3.78827 -3.00005 
0.465848 -0.132186 -0.953144 -0.550935 -2.03665 -4.17435 
1.32357 -0.752752 -0.844582 -6.30313 -4.11783 -2.7223 
0.466155 -0.200576 -1.15219 -0.962157 -3.03242 -4.58673 
1.14776 -0.691731 -1.00342 -5.67932 -3.21063 -3.1525 
0.829904 -0.40633 -0.70857 -3.47092 -3.20934 -2.83306 
0.536352 -0.298552 -1.3468 -1.77512 -1.82969 -4.7056 
1.2588 -0.842304 -1.38448 -6.1713 -4.12053 -4.29288 
0.392616 -0.156602 -1.29412 -1.00137 -1.9251 -5.32578 
1.04143 -0.572813 -1.64204 -4.92842 -2.77499 -5.10664 
0.878872 -0.270163 -0.583365 -3.09528 -3.53211 -2.03489 
0.517213 -0.224925 -1.1922 -1.43882 -1.78083 -4.81191 
1.18934 -0.553685 -1.24332 -6.25439 -2.58007 -4.11586 
0.551451 -0.120226 -0.624303 -0.828033 -2.84529 -2.259 
1.16937 -0.472962 -0.939056 -5.98234 -1.3382 -2.88749 
0.714595 -0.320108 -0.921831 -4.00202 -1.67314 -5.00132 
0.661642 -0.302493 -0.355733 -3.78581 -0.881358 -2.66802 
1.31661 -0.582306 -0.718572 -6.03181 -3.55161 -1.92724 
0.499838 -0.109228 -0.258995 -2.70038 -1.12849 -2.76901 
1.06327 -0.541986 -1.21376 -6.37408 -1.69038 -5.10131 
0.835775 -0.160724 -0.408286 -3.29291 -2.53614 -2.14844 
0.640478 -0.381665 -1.30714 -2.62325 -2.49474 -4.55393 
1.31141 -0.500338 -1.08298 -6.17761 -3.19336 -3.62063 
0.517426 -0.203104 -0.769704 -1.20876 -2.31627 -3.21207 
1.07993 -0.554674 -1.38816 -4.40236 -3.86145 -4.84414 
0.709976 -0.0711073 -0.945639 -2.93218 -1.84314 -3.66002 
0.623183 -0.306558 -1.15241 -2.06115 -2.08445 -4.66247 
1.84187 -1.18319 -0.930358 -8.7896 -7.64491 -1.1655 
0.392499 -0.158728 -1.2751 -1.01597 -2.41978 -5.32659 
1.2588 -0.734102 -0.960254 -5.41847 -3.931 -2.62976 
0.96156 -0.483525 -0.808236 -3.09861 -4.49117 -2.96582 
0.69488 -0.366539 -0.78242 -2.33679 -2.66411 -2.444 
1.29055 -0.737146 -1.51963 -5.97255 -3.8536 -4.36096 
0.413027 -0.0818226 -0.836288 -0.132098 -2.28076 -4.1184 
1.20188 -0.680845 -1.0019 -5.51649 -3.35412 -3.0054 
0.867059 -0.406732 -0.631387 -3.26691 -3.55099 -2.84634 
0.655656 -0.444487 -0.888202 -3.33362 -1.22921 -3.40512 
1.34127 -0.720801 -0.880761 -6.11279 -3.98863 -2.49462 
0.393049 0.0285318 -0.975105 0.321842 -2.82227 -4.48378 
1.29077 -0.780493 -1.60117 -6.23304 -4.09825 -4.72129 
0.663693 -0.351841 -0.91186 -1.70168 -3.42003 -3.7094 
0.288563 -0.357623 -0.965879 -1.97866 -0.601075 -3.38562 
1.24009 -0.81333 -1.48565 -6.09985 -4.33347 -4.73251 
0.411524 -0.232246 -1.35012 -1.35348 -2.58604 -5.00498 
1.18687 -0.673518 -1.16222 -5.14271 -3.58962 -3.51055 
0.764689 -0.392523 -1.25526 -2.71627 -3.23365 -5.1708 
0.712567 -0.3534 -0.688227 -2.26196 -2.26635 -2.76529 
1.24033 -0.74991 -1.19509 -5.61604 -4.51133 -4.78377 
0.414956 -0.254196 -1.23307 -1.05746 -2.96475 -4.8691 
1.25815 -0.775822 -1.00726 -5.77707 -3.85423 -3.4507 
0.726775 -0.452969 -0.607789 -3.30351 -3.93733 -2.30593 
0.585821 -0.386165 -0.767982 -2.75664 -1.93433 -2.96957 
1.21992 -0.639979 -1.05442 -5.17165 -5.65037 -4.28136 
0.500214 -0.172324 -0.632026 -0.915111 -2.51997 -3.00801 
0.904064 -0.618711 -1.16717 -4.54184 -3.76287 -3.95341 
0.69255 -0.351671 -1.23199 -2.56413 -3.11963 -4.79625 
0.589226 -0.471809 -0.492409 -2.84928 -2.90556 -2.39467 
1.2211 -0.844741 -1.16981 -6.40134 -4.86848 -4.09293 
0.428976 -0.276066 -0.779884 -1.62985 -2.01779 -2.21437 
1.11461 -0.675448 -1.56676 -5.34709 -2.93322 -5.2627 
0.642503 -0.637847 -0.950645 -3.96455 -4.6516 -3.43781 
0.517018 -0.619941 -0.545682 -3.94374 -3.18491 -1.75885 
1.25687 -0.760602 -1.56181 -5.89127 -4.14483 -4.65223 
0.303519 -0.396353 -0.410229 -2.44993 -3.37372 -1.86688 
1.15214 -0.718498 -1.66108 -5.39657 -3.28338 -4.9421 
0.658586 -0.600757 -0.351806 -3.86341 -4.52409 -1.71824 
0.696164 -0.448776 -0.783575 -2.72402 -2.4635 -2.51169 
1.23479 -0.763263 -0.800763 -6.34909 -3.82661 -2.19389 
0.340259 -0.253491 -1.12945 -1.47236 -2.75587 -4.19907 
1.14513 -0.690449 -1.00091 -5.99477 -3.00876 -2.92566 
0.672042 -0.3409 -1.1938 -2.82017 -3.05647 -4.87719 
0.749068 -0.397274 -0.707491 -2.4268 -2.91287 -2.6818 
1.27437 -0.729388 -1.47986 -5.7087 -4.37751 -4.21415 
0.357964 -0.221733 -1.17007 -1.28327 -2.62493 -4.42493 
1.21897 -0.774027 -0.884173 -6.1926 -3.60927 -2.786 
0.67666 -0.426263 -1.13093 -2.79771 -3.61966 -4.27149 
0.603297 -0.313197 -0.785383 -2.31982 -1.93689 -2.82444 
1.34679 -0.806897 -0.841787 -5.9867 -4.61957 -2.33947 
0.373004 -0.146275 -1.27317 -1.15191 -1.9323 -5.17698 
1.29286 -0.775196 -1.05855 -5.88689 -3.88495 -2.76315 
0.800023 -0.371319 -1.19194 -2.59702 -3.44899 -4.65417 
1.04769 -0.606301 -0.983426 -2.1203 -3.87794 -2.93743 
1.29204 -0.770912 -0.982749 -5.96831 -3.064 -3.00519 
0.779825 -0.394855 -0.714318 -0.80101 -4.40649 -3.21137 
1.3289 -0.833115 -1.12075 -6.23927 -2.97101 -3.20708 
1.22185 -0.643986 -0.305108 -2.72235 -5.17589 -0.922356 
0.764233 -0.406424 -0.704335 -2.80887 -2.8159 -2.37886 
1.23899 -0.772629 -1.48622 -5.963 -4.5237 -4.81149 
0.688283 -0.343228 -0.794879 -0.793527 -3.93519 -3.57871 
1.17 -0.72946 -1.72073 -5.46526 -3.39312 -5.08376 
0.708504 -0.339928 -1.21307 -2.71264 -2.96764 -4.87708 
0.727936 -0.404944 -0.725593 -2.89914 -2.28694 -2.60247 
1.2219 -0.696786 -1.4496 -5.39312 -3.75154 -5.13043 
0.396324 -0.197727 -1.25726 -0.818032 -1.80879 -5.48019 
1.20361 -0.792119 -1.47193 -6.07277 -4.05245 -5.34122 
0.868331 -0.49305 -0.744748 -3.67842 -4.10843 -2.43921 
0.747549 -0.415368 -0.748767 -2.74923 -2.27887 -2.97804 
1.16407 -0.728961 -1.30993 -6.11992 -4.06668 -4.68819 
0.429712 -0.183122 -1.27218 -0.956693 -3.38634 -4.94493 
1.11534 -0.719626 -1.4142 -5.51086 -3.72005 -5.43011 
1.18784 -0.628685 -0.92215 -2.50321 -5.08665 -2.5689 
0.693055 -0.409629 -1.27041 -2.90988 -2.11557 -4.78787 
1.20456 -0.790003 -1.45012 -5.95121 -3.62241 -5.11967 
0.497024 -0.235283 -0.726828 -1.72461 -2.61777 -2.75774 
1.15019 -0.677027 -1.66591 -5.36257 -3.28014 -5.47514 
0.691738 -0.373941 -1.2695 -2.80634 -3.42398 -4.63515 
0.711354 -0.458976 -0.823659 -3.11209 -2.49274 -2.65574 
1.34686 -0.807525 -0.904302 -5.98942 -4.62354 -2.784 
0.432035 -0.240784 -1.32776 -1.08403 -2.27192 -4.70792 
1.13843 -0.731812 -1.42896 -4.94075 -4.10993 -4.89817 
0.872598 -0.491259 -0.566229 -3.13091 -3.93434 -2.015 
0.750222 -0.435511 -0.670096 -2.54823 -2.22138 -2.83779 
1.34758 -0.783867 -0.767697 -5.74039 -4.18639 -2.73389 
0.416626 -0.250132 -1.03918 -0.819261 -2.33599 -4.90245 
1.29535 -0.797222 -0.907221 -5.70029 -4.31467 -3.08624 
0.712982 -0.359543 -0.536669 -2.1986 -3.80756 -3.00952 
0.771889 -0.436364 -1.251 -2.1181 -3.64238 -4.63791 
1.20414 -0.731007 -1.44581 -5.59763 -4.38374 -4.66962 
0.421845 -0.196809 -1.11477 -2.01054 -2.26196 -4.81749 
1.27394 -0.725248 -1.07708 -5.69082 -4.22135 -2.68737 
0.761129 -0.346 -0.646107 -2.77117 -3.36702 -2.39127 
0.567723 -0.338123 -1.38896 -2.5588 -1.57431 -5.07469 
1.30658 -0.702905 -0.966498 -5.88935 -4.22387 -3.31349 
0.479793 -0.162845 -0.690712 -1.17735 -2.59049 -3.07339 
1.20624 -0.771691 -1.50991 -5.62492 -4.01591 -5.26305 
0.817095 -0.333924 -0.651105 -2.38443 -3.14648 -2.92671 
0.746492 -0.395859 -0.73092 -2.74086 -2.58615 -3.13281 
1.20699 -0.773306 -1.4671 -5.52864 -4.45386 -4.8139 
0.464567 -0.22047 -1.19594 -1.29653 -2.76999 -5.10809 
1.26309 -0.51119 -0.796397 -5.59108 -3.50322 -1.99578 
0.853568 -0.419878 -0.549529 -2.80617 -4.14623 -2.32596 
0.659145 -0.372496 -1.3876 -2.46251 -2.67829 -4.84604 
1.29542 -0.426579 -0.65508 -5.4148 -3.64705 -1.49729 
0.445707 0.128119 -0.40506 -1.25565 -1.006 -2.01264 
1.09638 -0.37582 -1.28417 -5.59386 -1.8185 -4.5038 
0.571066 0.076983 -0.371882 -1.48223 -1.43244 -2.54809 
0.726402 -0.0729099 -0.384605 -3.06291 -1.08919 -1.8571 
1.17387 -0.485647 -1.32174 -5.51755 -3.32098 -4.18405 
0.428698 0.138119 -0.345593 -1.08536 -1.08798 -1.87046 
1.19995 -0.726918 -1.50966 -6.10892 -3.42821 -5.34353 
